2 0.3697916666666667 0.6771875 0.33309765625 0.8511527777777778 0.39180859375 0.8629282407407408 0.41737760416666664 0.6761782407407407
2 0.44744401041666665 0.5270370370370371 0.49976432291666667 0.5298032407407407 0.4917135416666667 0.6859120370370371 0.43394921875000003 0.6724537037037037
2 0.5196497395833334 0.6734050925925926 0.5622643229166667 0.6744930555555555 0.56983984375 0.8528333333333333 0.5158619791666667 0.8578796296296296
2 0.5826223958333333 0.6775486111111112 0.6375468750000001 0.6792314814814815 0.6555390625 0.8743935185185185 0.5958802083333333 0.8760763888888888
2 0.6593281249999999 0.6830833333333333 0.7256158854166667 0.6809143518518518 0.7502369791666667 0.8844907407407407 0.6773203125 0.8844907407407407
2 0.3541666666666667 0.4406319444444445 0.38944140625 0.44368981481481484 0.3657669270833333 0.5412708333333334 0.3326236979166667 0.5177175925925925
2 0.20265234375 0.6738148148148149 0.15269921875 0.6691342592592592 0.07788802083333334 0.8457916666666667 0.13660026041666667 0.8743935185185185
2 0.20004687499999999 0.7296574074074074 0.25023697916666665 0.7448472222222222 0.1991015625 0.940011574074074 0.13186588541666666 0.9500578703703704
0 0.13944140624999998 0.45883101851851854 0.10724348958333334 0.5345416666666667 0.14512239583333333 0.5446365740740741 0.17637239583333333 0.47902083333333334
2 0.15743359375000002 0.5294467592592592 0.19720703125000003 0.5378587962962963 0.14772786458333334 0.6619375 0.09753776041666667 0.6518425925925926 0.1328125 0.5496828703703703
2 0.8069361979166666 0.5475601851851851 0.8056341145833333 0.5637638888888888 0.8420924479166666 0.6679305555555556 0.86292578125 0.6864490740740741 0.90198828125 0.6656157407407407 0.8837591145833333 0.598486111111111 0.8616236979166666 0.5545046296296297 0.8446966145833333 0.5383009259259259 0.8186549479166666 0.5383009259259259
2 0.74644921875 0.5488263888888889 0.7451471354166667 0.5650300925925925 0.75816796875 0.6159560185185186 0.7842096354166667 0.6784560185185186 0.8310846354166667 0.6622523148148148 0.80894921875 0.5766041666666667 0.78941796875 0.5418819444444444 0.7711888020833334 0.5372523148148148
2 0.56640625 0.5401990740740741 0.5690104166666666 0.6096435185185185 0.5794270833333334 0.6582546296296296 0.578125 0.6767731481481482 0.5846354166666666 0.6883472222222222 0.58984375 0.6721435185185185 0.6005208333333333 0.6651990740740741 0.6315104166666666 0.6628842592592592 0.6106770833333334 0.5494583333333334 0.59765625 0.5332546296296297
2 0.6478450520833333 0.3653356481481481 0.6586171875 0.36372222222222217 0.6444127604166666 0.3603587962962963 0.6330494791666667 0.37381712962962965 0.6434661458333334 0.4562569444444445 0.6870260416666666 0.446162037037037 0.6764908854166666 0.3722800925925926 0.6556575520833333 0.3583912037037037
2 0.6859609375 0.39288657407407407 0.6859609375 0.4160347222222222 0.7028880208333333 0.46233101851851854 0.7120026041666666 0.4438125 0.7354401041666666 0.4438125 0.7250234375 0.3975162037037037 0.7133046875 0.3743680555555556 0.6937734375 0.3743680555555556
2 0.03918098958333333 0.7207546296296296 0.027462239583333336 0.7439027777777777 0 0.8507916666666666 0.045691406250000004 0.8758472222222222 0.061316406250000004 0.8573287037037036 0.08345182291666665 0.8457546296296296 0.08214973958333334 0.8295509259259259 0.08605598958333333 0.815662037037037 0.13683723958333333 0.6790879629629629 0.13032682291666667 0.6651990740740741 0.11860807291666665 0.6651990740740741 0.11470182291666665 0.6582546296296296 0.08735807291666665 0.6582546296296296
2 0.42151953124999997 0.7731481481481481 0.42412369791666665 0.8032407407407407 0.4189153645833333 0.8703703703703703 0.48271744791666665 0.875 0.4814153645833333 0.7893518518518519 0.4853216145833333 0.7800925925925926 0.48662369791666665 0.7152777777777778 0.4853216145833333 0.6828703703703703 0.4814153645833333 0.6736111111111112 0.43584244791666665 0.6759259259259259 0.42802994791666665 0.7546296296296297
2 0.4479166666666667 0.941087962962963 0.06154947916666667 0.11782407407407407
2 0.5508984375 0.9379166666666667 0.06582031249999999 0.12416666666666666
2 0.6461848958333333 0.9489120370370371 0.07977864583333334 0.10155092592592592
2 0.7392317708333334 0.9419212962962964 0.09824218750000001 0.1161574074074074
2 0.8408984374999999 0.9459722222222223 0.1051171875 0.10743055555555554
2 0.3565234375 0.9366666666666666 0.07954427083333333 0.1199537037037037
2 0.26502604166666666 0.937337962962963 0.07884114583333333 0.11796296296296296
2 0.16536458333333334 0.6498310185185184 0.16536458333333334 0.6637199074074074 0.20052083333333334 0.6660347222222222 0.20442708333333334 0.6845532407407406 0.21354166666666666 0.6822384259259259 0.21744791666666666 0.6614050925925925 0.2526041666666667 0.5757569444444445 0.2526041666666667 0.543349537037037 0.24609375 0.5364050925925926 0.21484375 0.5364050925925926 0.20442708333333334 0.5456643518518519 0.1875 0.5757569444444445
2 0.26633463541666663 0.5376689814814815 0.25591796875 0.581650462962963 0.2806575520833333 0.5885949074074074 0.28716796875 0.6024837962962963 0.30149088541666663 0.6001689814814816 0.3040950520833333 0.567761574074074 0.3119075520833333 0.5561875 0.31711588541666663 0.530724537037037 0.31841796875 0.5006319444444445 0.3119075520833333 0.48442824074074076 0.28977213541666663 0.48211342592592593
2 0.8029114583333333 0.6801388888888888 0.8003072916666666 0.7102314814814815 0.8042135416666666 0.7356944444444444 0.8315572916666666 0.8097685185185185 0.832859375 0.8352314814814815 0.8393697916666666 0.8421759259259259 0.8458802083333333 0.8745833333333333 0.8706197916666666 0.890787037037037 0.8810364583333333 0.8699537037037037 0.9122864583333333 0.8676388888888888 0.918796875 0.8583796296296297 0.918796875 0.8444907407407407 0.8849427083333333 0.7380092592592592 0.852390625 0.6755092592592592 0.809421875 0.6731944444444444
2 0.7286940104166666 0.6830856481481482 0.7273919270833332 0.7293819444444445 0.7391106770833332 0.7506851851851851 0.74562109375 0.7803078703703704 0.76124609375 0.872900462962963 0.78077734375 0.8867893518518519 0.7872877604166666 0.872900462962963 0.79640234375 0.8682708333333333 0.8263502604166666 0.8682708333333333 0.8341627604166666 0.8404930555555556 0.82374609375 0.8150300925925926 0.80030859375 0.7224375000000001 0.7781731770833332 0.6738263888888889 0.7430169270833332 0.6691967592592593 0.7326002604166666 0.6738263888888889
2 0.005208333333333333 0.3541666666666667 0 0.3541666666666667 0 0.39351851851851855 0.0078125 0.3888888888888889 0.016927083333333332 0.3680555555555556 0.014322916666666666 0.3587962962962963
2 0.8619791666666666 0.6917129629629629 0.8619791666666666 0.7009722222222222 0.87890625 0.7356944444444444 0.91015625 0.828287037037037 0.91796875 0.8653240740740741 0.93359375 0.8722685185185185 0.9427083333333334 0.8884722222222222 0.95703125 0.890787037037037 0.96484375 0.8722685185185185 0.9782981770833333 0.8676388888888888 0.98792578125 0.8558402777777778 0.9865455729166667 0.8676388888888888 0.9973958333333334 0.8653240740740741 0.9986979166666666 0.85375 0.99609375 0.8352314814814815 0.9674479166666666 0.7565277777777778 0.9375 0.6986574074074073 0.9153645833333334 0.6731944444444444 0.90234375 0.6685648148148148 0.8736979166666666 0.6708796296296297
2 0.890625 0.5273611111111111 0.8893229166666666 0.5921759259259259 0.8984375 0.6014351851851851 0.90625 0.5991203703703704 0.921875 0.6245833333333333 0.9348958333333334 0.6731944444444444 0.94140625 0.6778240740740741 0.96875 0.6685648148148148 0.9765625 0.6523611111111111 0.9986979166666666 0.6454166666666666 0.9986979166666666 0.6292129629629629 0.9986979166666666 0.6665625 0.9986979166666666 0.5891689814814814 0.9815338541666666 0.5437430555555556 0.9244791666666666 0.5204166666666666
2 0.8486028645833333 0.4318194444444444 0.8486028645833333 0.487375 0.8577174479166666 0.4943194444444444 0.8772486979166666 0.5290416666666666 0.8798528645833333 0.5429305555555556 0.89808203125 0.5429305555555556 0.9084986979166666 0.5197824074074074 0.93323828125 0.5151527777777778 0.9319361979166666 0.5058935185185185 0.9158776041666666 0.5197824074074074 0.9260768229166666 0.4954768518518518 0.89808203125 0.4364490740740741 0.87855078125 0.4271898148148148
2 0.7825520833333334 0.3611111111111111 0.78125 0.4074074074074074 0.7994791666666666 0.42824074074074076 0.8072916666666666 0.4513888888888889 0.8216145833333334 0.44907407407407407 0.828125 0.42824074074074076 0.8489583333333334 0.42592592592592593 0.8489583333333334 0.41898148148148145 0.8365885416666666 0.42824074074074076 0.8450520833333334 0.4097222222222222 0.8229166666666666 0.3611111111111111
2 0.7473958333333334 0.3148148148148148 0.7486979166666666 0.3425925925925926 0.7630208333333334 0.36574074074074076 0.765625 0.37962962962962965 0.77734375 0.375 0.7825520833333334 0.35648148148148145 0.8020833333333334 0.3541666666666667 0.7916666666666666 0.3194444444444444 0.7799479166666666 0.30324074074074076 0.7604166666666666 0.30092592592592593
2 0.8161692708333333 0.30513888888888885 0.8135651041666666 0.3074537037037037 0.8174713541666666 0.33291666666666664 0.8265859375 0.34912037037037036 0.8591380208333333 0.35375 0.8630442708333333 0.33291666666666664 0.8695546875 0.34912037037037036 0.8487213541666666 0.30050925925925925 0.8278880208333333 0.29819444444444443
2 0.83203125 0.3587962962962963 0.8424479166666666 0.4027777777777778 0.8528645833333334 0.4236111111111111 0.8736979166666666 0.4351851851851852 0.89453125 0.4305555555555556 0.8984375 0.4097222222222222 0.9049479166666666 0.42592592592592593 0.8802083333333334 0.3680555555555556 0.85546875 0.3587962962962963 0.83984375 0.36574074074074076
2 0.9049479166666666 0.43013888888888885 0.9049479166666666 0.44402777777777774 0.91796875 0.441712962962963 0.9140625 0.4625462962962963 0.9361979166666666 0.5134722222222222 0.9557291666666666 0.5296759259259259 0.9934895833333334 0.5134722222222222 0.9921875 0.5018981481481481 0.97265625 0.5204166666666666 0.9869791666666666 0.49263888888888885 0.9583333333333334 0.43939814814814815 0.9453125 0.4324537037037037 0.9192708333333334 0.43939814814814815
2 0.890625 0.36574074074074076 0.88671875 0.3726851851851852 0.8893229166666666 0.38657407407407407 0.91015625 0.42824074074074076 0.9283854166666666 0.42592592592592593 0.9322916666666666 0.3819444444444444 0.9388020833333334 0.40046296296296297 0.9348958333333334 0.42592592592592593 0.9401041666666666 0.41898148148148145 0.94921875 0.4236111111111111 0.92578125 0.37037037037037035 0.9166666666666666 0.36342592592592593
2 0.8647018229166666 0.29819444444444443 0.8594934895833334 0.31902777777777774 0.85428515625 0.3028240740740741 0.8712122395833334 0.34912037037037036 0.90311328125 0.3514351851851852 0.9037643229166666 0.33523148148148146 0.9115768229166666 0.34912037037037036 0.8907434895833334 0.30513888888888885
2 0.9114583333333334 0.9351851851851852 0.90625 0.9467592592592593 0.9088541666666666 0.9513888888888888 0.9140625 0.9444444444444444 0.9114583333333334 0.9560185185185185 0.9244791666666666 0.9976851851851852 0.9713541666666666 0.9976851851851852 0.94140625 0.9351851851851852
2 0.8841145833333334 0.8752152777777779 0.8776041666666666 0.9076226851851852 0.8880208333333334 0.9654930555555556 0.8984375 0.9909560185185186 1 0.9909560185185186 0.9791666666666666 0.9377152777777779 0.9453125 0.8752152777777779
2 0.0132578125 0.4454953703703704 0.002841145833333333 0.4593842592592593 0.002841145833333333 0.5519768518518519 0.031486979166666665 0.5357731481481481 0.045809895833333336 0.5010509259259259 0.07054947916666666 0.46169907407407407 0.07445572916666666 0.4431805555555556 0.07054947916666666 0.4362361111111111 0.03799739583333333 0.43392129629629633
2 0.05883072916666667 0.41898148148148145 0.05883072916666667 0.42824074074074076 0.08096614583333334 0.4305555555555556 0.09398697916666666 0.4513888888888889 0.11612239583333334 0.4097222222222222 0.13565364583333334 0.3888888888888889 0.13695572916666668 0.3611111111111111 0.12914322916666668 0.3958333333333333 0.12393489583333334 0.3587962962962963 0.09008072916666666 0.36342592592592593 0.06403906250000001 0.4097222222222222 0.06924739583333334 0.42824074074074076
2 0.12334244791666667 0.32975462962962965 0.11422786458333334 0.35753240740740744 0.13375911458333334 0.35984722222222226 0.13896744791666668 0.3737361111111111 0.14417578125 0.3737361111111111 0.16891536458333334 0.35058796296296296 0.17802994791666668 0.3204953703703704 0.17542578125 0.30892129629629633 0.15329036458333334 0.3042916666666667 0.13766536458333334 0.30892129629629633
2 0.7265625 0.2638888888888889 0.72265625 0.2708333333333333 0.72265625 0.29398148148148145 0.7356770833333334 0.3101851851851852 0.7395833333333334 0.3263888888888889 0.7434895833333334 0.3287037037037037 0.7565104166666666 0.30324074074074076 0.7682291666666666 0.2986111111111111 0.7591145833333334 0.30092592592592593 0.7630208333333334 0.2847222222222222 0.75390625 0.26157407407407407 0.7369791666666666 0.2569444444444444
2 0.00390625 0.3541666666666667 0 0.3541666666666667 0 0.39351851851851855 0.0078125 0.3888888888888889 0.016927083333333332 0.3680555555555556 0.015625 0.3611111111111111
0 0.021542968750000002 0.31586574074074075 0.008522135416666667 0.3390138888888889 0.008522135416666667 0.3552175925925926 0.022845052083333334 0.35984722222222226 0.02805338541666667 0.3691064814814815 0.04498046875 0.36216203703703703 0.07102213541666667 0.32975462962962965 0.06972005208333333 0.3181805555555556 0.05669921875 0.3042916666666667 0.03195963541666667 0.3066064814814815
0 0.06273697916666666 0.29334953703703703 0.06273697916666666 0.3049236111111111 0.08096614583333334 0.3211273148148148 0.10830989583333334 0.2979791666666667 0.11482031250000001 0.27946064814814814 0.10830989583333334 0.26557175925925924 0.09138281250000001 0.2632569444444445 0.07575781250000001 0.2702013888888889
0 0.09836588541666667 0.2523148148148148 0.09706380208333333 0.25925925925925924 0.11659505208333333 0.2777777777777778 0.14003255208333334 0.2569444444444444 0.14263671875 0.24074074074074073 0.12961588541666666 0.22685185185185186 0.12180338541666667 0.22685185185185186 0.11008463541666667 0.23148148148148148
0 0.13707421875 0.20833333333333334 0.13186588541666666 0.22685185185185186 0.14618880208333332 0.24537037037037038 0.16311588541666666 0.2337962962962963 0.16832421875 0.2222222222222222 0.16181380208333332 0.2037037037037037
0 0.16051171875 0.1847685185185185 0.15920963541666666 0.19402777777777777 0.17092838541666666 0.21486111111111109 0.19176171875 0.1986574074074074 0.19176171875 0.1824537037037037 0.18655338541666666 0.17319444444444443 0.16962630208333332 0.17319444444444443
0 0.055871093749999996 0.6199537037037037 0.05456901041666667 0.6292129629629629 0.07279817708333333 0.640787037037037 0.07930859375 0.6523611111111111 0.09623567708333335 0.6523611111111111 0.13269401041666667 0.5551388888888888 0.11967317708333335 0.5389351851851851 0.09883984375 0.5389351851851851 0.07800651041666666 0.5643981481481481
0 0.056817708333333335 0.5039976851851852 0.04640104166666667 0.5387199074074074 0.07244270833333334 0.5595532407407408 0.09978645833333333 0.5387199074074074 0.10890104166666666 0.5225162037037037 0.118015625 0.4854791666666667 0.10108854166666666 0.46696064814814814 0.086765625 0.46696064814814814 0.06853645833333334 0.48316435185185186
0 0.10973046874999999 0.4335023148148148 0.10322005208333333 0.46128009259259256 0.12665755208333332 0.47516898148148146 0.15139713541666666 0.4589652777777778 0.16311588541666666 0.42192824074074076 0.15009505208333332 0.4010949074074074 0.13316796875 0.4010949074074074
0 0.14121744791666666 0.38026157407407407 0.13731119791666666 0.3964652777777778 0.15814453125 0.4149837962962963 0.17897786458333334 0.39878009259259256 0.18809244791666668 0.3686875 0.17637369791666668 0.35016898148148146 0.16335286458333334 0.35016898148148146
2 0.16548307291666667 0.5082083333333333 0.16157682291666667 0.5220972222222222 0.16418098958333333 0.5290416666666666 0.16938932291666667 0.5012638888888888 0.17134244791666667 0.5290416666666666 0.19282682291666667 0.5290416666666666 0.20194140625 0.535986111111111 0.22537890625 0.49663425925925925 0.23709765625 0.45496759259259256 0.23579557291666667 0.44107870370370367 0.20975390625 0.43413425925925925 0.19673307291666667 0.44107870370370367 0.17589973958333335 0.47580092592592593
2 0.23129687499999999 0.47516898148148146 0.21827604166666667 0.5260949074074074 0.24561979166666667 0.530724537037037 0.2560364583333333 0.5492430555555555 0.27686979166666664 0.4936875 0.285984375 0.4450763888888889 0.2560364583333333 0.4358171296296296 0.24171354166666667 0.4497060185185185
2 0.25686588541666666 0.7681018518518519 0.25426171875 0.8028240740740741 0.24514713541666666 0.8352314814814815 0.24644921875 0.8630092592592592 0.28681380208333335 0.8676388888888888 0.29853255208333335 0.8768981481481481 0.31285546875 0.8745833333333333 0.32327213541666666 0.7796759259259259 0.33629296875000003 0.7565277777777778 0.34019921875000003 0.7380092592592592 0.33759505208333335 0.6731944444444444 0.32327213541666666 0.6639351851851851 0.28941796875 0.6708796296296297 0.27639713541666666 0.6986574074074073
2 0.028645833333333332 0.875 0 0.9189814814814815 0 0.9976851851851852 0.06640625 0.9976851851851852 0.07421875 0.9745370370370371 0.09375 0.9490740740740741 0.09114583333333333 0.9375 0.09895833333333333 0.9050925925925926 0.09505208333333333 0.875 0.08984375 0.8680555555555556 0.05859375 0.8634259259259259
2 0.9361979166666666 0.3611111111111111 0.9322916666666666 0.3680555555555556 0.9361979166666666 0.3888888888888889 0.9583333333333334 0.42592592592592593 0.9986979166666666 0.42824074074074076 0.9986979166666666 0.4166666666666667 0.97265625 0.37037037037037035 0.9622395833333334 0.3611111111111111
2 0.9008046875 0.3061875 0.9008046875 0.3270208333333333 0.9151276041666666 0.3524837962962963 0.9346588541666666 0.3547986111111111 0.9398671875 0.3270208333333333 0.9418203125 0.3547986111111111 0.9515859375 0.3524837962962963 0.9359609375 0.31544675925925925 0.9242421875 0.30155787037037035 0.9151276041666666 0.30155787037037035 0.9125234375 0.34553935185185186 0.9060130208333333 0.30155787037037035
2 0.7643229166666666 0.26157407407407407 0.7643229166666666 0.2800925925925926 0.7760416666666666 0.2962962962962963 0.7890625 0.3055555555555556 0.8098958333333334 0.2986111111111111 0.79296875 0.26157407407407407
2 0.2513020833333333 0.40046296296296297 0.24348958333333334 0.43287037037037035 0.2786458333333333 0.44675925925925924 0.2942708333333333 0.39351851851851855 0.296875 0.36372222222222217 0.2682291666666667 0.3680555555555556
2 0.4505208333333333 0.44907407407407407 0.4453125 0.47685185185185186 0.4453125 0.5347222222222222 0.4700520833333333 0.5324074074074074 0.484375 0.5393518518518519 0.4869791666666667 0.5486111111111112 0.4869791666666667 0.4444444444444444 0.4609375 0.44212962962962965
2 0.50390625 0.4444444444444444 0.50390625 0.5277777777777778 0.5416666666666666 0.5254629629629629 0.54296875 0.5023148148148148 0.53515625 0.4351851851851852 0.51171875 0.43287037037037035
2 0.55859375 0.44675925925925924 0.5572916666666666 0.49074074074074076 0.5625 0.5393518518518519 0.6028645833333334 0.5370370370370371 0.6002604166666666 0.4976851851851852 0.58984375 0.44907407407407407 0.5846354166666666 0.44212962962962965
2 0.60546875 0.44907407407407407 0.6041666666666666 0.4699074074074074 0.6145833333333334 0.5324074074074074 0.6263020833333334 0.5416666666666666 0.6158854166666666 0.5509259259259259 0.6171875 0.5555555555555556 0.6223958333333334 0.5555555555555556 0.6236979166666666 0.5462962962962963 0.6315104166666666 0.5393518518518519 0.66015625 0.5393518518518519 0.6536458333333334 0.48842592592592593 0.6393229166666666 0.4444444444444444
2 0.0078125 0.5717592592592593 0 0.5856481481481481 0 0.6805555555555556 0.045572916666666664 0.6319444444444444 0.06510416666666667 0.5879629629629629 0.06901041666666667 0.5625 0.057291666666666664 0.5462962962962963 0.041666666666666664 0.5393518518518519 0.026041666666666668 0.5486111111111112
2 0.6549479166666666 0.4537037037037037 0.65625 0.48148148148148145 0.6640625 0.5069444444444444 0.66796875 0.5416666666666666 0.67578125 0.5578703703703703 0.6809895833333334 0.5578703703703703 0.69140625 0.5370370370370371 0.7161458333333334 0.5347222222222222 0.70703125 0.49074074074074076 0.69140625 0.44675925925925924 0.66015625 0.4444444444444444
2 0.3020833333333333 0.6319444444444444 0.3020833333333333 0.6597222222222222 0.3385416666666667 0.6643518518518519 0.34765625 0.6851851851851852 0.3515625 0.6828703703703703 0.35546875 0.6759259259259259 0.3541666666666667 0.6388888888888888 0.359375 0.6296296296296297 0.3567708333333333 0.6203703703703703 0.36328125 0.5995370370370371 0.3684895833333333 0.5324074074074074 0.3268229166666667 0.5347222222222222
2 0.3723958333333333 0.6180555555555556 0.3684895833333333 0.6666666666666666 0.4036458333333333 0.6643518518518519 0.41796875 0.6782407407407407 0.421875 0.6666666666666666 0.4270833333333333 0.5370370370370371 0.38671875 0.5347222222222222
2 0.5065104166666666 0.5324074074074074 0.50390625 0.6018518518518519 0.5078125 0.6666666666666666 0.5143229166666666 0.6574074074074074 0.5559895833333334 0.6574074074074074 0.5572916666666666 0.6412037037037037 0.5494791666666666 0.5833333333333334 0.5520833333333334 0.5740740740740741 0.5455729166666666 0.5347222222222222 0.5390625 0.5277777777777778
2 0.625 0.5462962962962963 0.6236979166666666 0.5740740740740741 0.6432291666666666 0.6898148148148148 0.6497395833333334 0.6921296296296297 0.6588541666666666 0.6736111111111112 0.6966145833333334 0.6712962962962963 0.6848958333333334 0.6064814814814815 0.6653645833333334 0.5439814814814815
2 0.6861979166666666 0.5509259259259259 0.6848958333333334 0.5856481481481481 0.7122395833333334 0.6898148148148148 0.72265625 0.6921296296296297 0.7291666666666666 0.6712962962962963 0.7643229166666666 0.6689814814814815 0.7486979166666666 0.5972222222222222 0.7291666666666666 0.5486111111111112 0.72265625 0.5416666666666666 0.6979166666666666 0.5416666666666666
2 0.8177083333333334 0.26157407407407407 0.81640625 0.2777777777777778 0.8268229166666666 0.2962962962962963 0.859375 0.30092592592592593 0.8450520833333334 0.2638888888888889
2 0.21223958333333334 0.4212962962962963 0.2109375 0.4351851851851852 0.23307291666666666 0.4398148148148148 0.2421875 0.44907407407407407 0.2591145833333333 0.42592592592592593 0.2708333333333333 0.3726851851851852 0.265625 0.36574074074074076 0.24739583333333334 0.36342592592592593 0.23307291666666666 0.3680555555555556 0.22526041666666666 0.37962962962962965
2 0.453125 0.4027777777777778 0.453125 0.44212962962962965 0.48046875 0.4375 0.4869791666666667 0.4444444444444444 0.4856770833333333 0.3680555555555556 0.4596354166666667 0.3680555555555556
2 0.7135416666666666 0.22916666666666666 0.7122395833333334 0.2523148148148148 0.7265625 0.2777777777777778 0.75 0.25462962962962965 0.7421875 0.22685185185185186 0.7369791666666666 0.2222222222222222 0.7239583333333334 0.2199074074074074
2 0.5546875 0.3958333333333333 0.55078125 0.41435185185185186 0.5533854166666666 0.4375 0.5572916666666666 0.4236111111111111 0.5625 0.42824074074074076 0.5611979166666666 0.4375 0.5846354166666666 0.4351851851851852 0.578125 0.42824074074074076 0.5833333333333334 0.4212962962962963 0.578125 0.39351851851851855 0.5670572916666666 0.3912037037037037 0.5768229166666666 0.42824074074074076 0.5625 0.43287037037037035 0.55859375 0.3912037037037037
2 0.5494791666666666 0.37962962962962965 0.546875 0.4097222222222222 0.5546875 0.44212962962962965 0.5872395833333334 0.4375 0.57421875 0.37037037037037035
2 0.546875 0.3819444444444444 0.5455729166666666 0.4027777777777778 0.5546875 0.4444444444444444 0.5872395833333334 0.4398148148148148 0.57421875 0.3680555555555556 0.5520833333333334 0.3726851851851852
0 0.2981770833333333 0.44907407407407407 0.29296875 0.47685185185185186 0.3125 0.48148148148148145 0.3203125 0.5023148148148148 0.328125 0.5092592592592593 0.3424479166666667 0.44907407407407407 0.34375 0.4236111111111111 0.3372395833333333 0.4050925925925926 0.31640625 0.4050925925925926
0 0.19921875 0.14583333333333334 0.19921875 0.17824074074074073 0.21614583333333334 0.17592592592592593 0.22786458333333334 0.1574074074074074 0.2265625 0.14583333333333334 0.22135416666666666 0.1412037037037037
0 0.024739583333333332 0.29398148148148145 0.024739583333333332 0.30324074074074076 0.028645833333333332 0.28703703703703703 0.029947916666666668 0.30324074074074076 0.046875 0.2986111111111111 0.052083333333333336 0.28703703703703703 0.05859375 0.28935185185185186 0.06901041666666667 0.2777777777777778 0.0703125 0.2662037037037037 0.056640625 0.26157407407407407 0.0546875 0.28703703703703703 0.049479166666666664 0.26157407407407407 0.040364583333333336 0.2662037037037037