0 0.8671875 0.22685185185185186 0.8671875 0.24305555555555555 0.8776041666666666 0.2662037037037037 0.890625 0.2708333333333333 0.9427083333333334 0.3263888888888889 0.96875 0.3287037037037037 0.9791666666666666 0.3101851851851852 0.9869791666666666 0.2777777777777778 0.9856770833333334 0.25462962962962965 0.9661458333333334 0.22685185185185186 0.90234375 0.16898148148148148 0.8854166666666666 0.17592592592592593
0 0.8307291666666666 0.34953703703703703 0.828125 0.3726851851851852 0.8359375 0.3912037037037037 0.9114583333333334 0.4699074074074074 0.9375 0.4791666666666667 0.9479166666666666 0.4699074074074074 0.95703125 0.44907407407407407 0.9596354166666666 0.41203703703703703 0.9518229166666666 0.3888888888888889 0.8697916666666666 0.30324074074074076 0.84765625 0.3055555555555556
0 0.7747395833333334 0.49537037037037035 0.7747395833333334 0.5208333333333334 0.7903645833333334 0.5439814814814815 0.8736979166666666 0.6087962962962963 0.8958333333333334 0.6064814814814815 0.9036458333333334 0.5949074074074074 0.9114583333333334 0.5648148148148148 0.9114583333333334 0.5393518518518519 0.9036458333333334 0.5231481481481481 0.8841145833333334 0.5092592592592593 0.87890625 0.49537037037037035 0.8723958333333334 0.4976851851851852 0.84375 0.47685185185185186 0.8190104166666666 0.4513888888888889 0.7903645833333334 0.44907407407407407
0 0.7421875 0.6273148148148148 0.73828125 0.6435185185185185 0.7421875 0.6643518518518519 0.8268229166666666 0.7407407407407407 0.8489583333333334 0.7476851851851852 0.8658854166666666 0.7129629629629629 0.8645833333333334 0.6782407407407407 0.8502604166666666 0.6643518518518519 0.8424479166666666 0.6412037037037037 0.8138020833333334 0.6273148148148148 0.77734375 0.5925925925925926 0.7552083333333334 0.5949074074074074
0 0.9401041666666666 0.6203703703703703 0.93359375 0.6550925925925926 0.9348958333333334 0.6712962962962963 0.9505208333333334 0.6736111111111112 0.94921875 0.6828703703703703 0.9557291666666666 0.6643518518518519 0.9609375 0.6736111111111112 0.9791666666666666 0.6759259259259259 0.9817708333333334 0.6851851851851852 0.9752604166666666 0.7013888888888888 0.9791666666666666 0.7175925925925926 0.9986979166666666 0.7337962962962963 0.9986979166666666 0.6180555555555556 0.9752604166666666 0.5949074074074074 0.9635416666666666 0.5925925925925926
0 0.9127604166666666 0.7662037037037037 0.8984375 0.8101851851851852 0.9010416666666666 0.8263888888888888 0.9401041666666666 0.8796296296296297 0.9986979166666666 0.9305555555555556 0.9986979166666666 0.8240740740740741 0.9765625 0.8032407407407407 0.9713541666666666 0.7870370370370371 0.9622395833333334 0.7893518518518519 0.9309895833333334 0.7592592592592593
0 0.90234375 0.9351851851851852 0.8919270833333334 0.9675925925925926 0.8919270833333334 0.9861111111111112 0.8828125 0.9861111111111112 0.90234375 0.9976851851851852 0.9205729166666666 0.9976851851851852 0.9309895833333334 0.9583333333333334 0.9296875 0.9467592592592593 0.9114583333333334 0.9282407407407407
0 0.85546875 0.9236111111111112 0.85546875 0.9560185185185185 0.87109375 0.9814814814814815 0.8919270833333334 0.9976851851851852 0.9908854166666666 0.9976851851851852 0.9908854166666666 0.9837962962962963 0.9765625 0.9606481481481481 0.8828125 0.8888888888888888 0.8658854166666666 0.8935185185185185
0 0.7096354166666666 0.7847222222222222 0.7096354166666666 0.8171296296296297 0.7161458333333334 0.8287037037037037 0.7786458333333334 0.8935185185185185 0.8138020833333334 0.9120370370370371 0.83203125 0.8888888888888888 0.8346354166666666 0.8425925925925926 0.79296875 0.7939814814814815 0.7747395833333334 0.7870370370370371 0.7356770833333334 0.75 0.7200520833333334 0.7569444444444444
0 0.4427083333333333 0.6527777777777778 0.4361979166666667 0.6527777777777778 0.4453125 0.6574074074074074
0 0.6731770833333334 0.9351851851851852 0.67578125 0.9629629629629629 0.7135416666666666 0.9976851851851852 0.7955729166666666 0.9953703703703703 0.796875 0.9837962962962963 0.7825520833333334 0.9606481481481481 0.7447916666666666 0.9421296296296297 0.7109375 0.8958333333333334 0.6888020833333334 0.8888888888888888
0 0.0026041666666666665 0.8055555555555556 0 0.9305555555555556 0.044270833333333336 0.9629629629629629 0.046875 0.9745370370370371 0.059895833333333336 0.9699074074074074 0.08072916666666667 0.9837962962962963 0.09635416666666667 0.9814814814814815 0.11458333333333333 0.9606481481481481 0.125 0.9143518518518519 0.11197916666666667 0.8726851851851852 0.09375 0.8703703703703703 0.044270833333333336 0.8287037037037037 0.036458333333333336 0.8101851851851852
0 0.013020833333333334 0.6412037037037037 0 0.6643518518518519 0 0.7013888888888888 0.020833333333333332 0.7337962962962963 0.057291666666666664 0.7662037037037037 0.06380208333333333 0.7824074074074074 0.07291666666666667 0.7800925925925926 0.09375 0.7986111111111112 0.10677083333333333 0.8009259259259259 0.13411458333333334 0.7615740740740741 0.13671875 0.7384259259259259 0.125 0.7106481481481481 0.11197916666666667 0.7037037037037037 0.057291666666666664 0.6365740740740741 0.02734375 0.6273148148148148
0 0.08984375 0.41898148148148145 0.08984375 0.44212962962962965 0.10546875 0.4675925925925926 0.19010416666666666 0.5439814814814815 0.22135416666666666 0.5462962962962963 0.23177083333333334 0.5324074074074074 0.23958333333333334 0.5023148148148148 0.23697916666666666 0.4675925925925926 0.20963541666666666 0.4444444444444444 0.20703125 0.4305555555555556 0.2109375 0.4236111111111111 0.20703125 0.4166666666666667 0.19791666666666666 0.41203703703703703 0.19140625 0.4212962962962963 0.13020833333333334 0.3680555555555556 0.11588541666666667 0.36342592592592593 0.10546875 0.37037037037037035
0 0.15104166666666666 0.2800925925925926 0.1484375 0.30787037037037035 0.15234375 0.31712962962962965 0.21744791666666666 0.38657407407407407 0.24609375 0.4074074074074074 0.2643229166666667 0.4097222222222222 0.2786458333333333 0.37962962962962965 0.27734375 0.3402777777777778 0.19010416666666666 0.25462962962962965 0.16276041666666666 0.2523148148148148
0 0.21484375 0 0.21354166666666666 0.023148148148148147 0.21875 0.037037037037037035 0.2916666666666667 0.1087962962962963 0.32421875 0.13425925925925927 0.33984375 0.13194444444444445 0.3489583333333333 0.11574074074074074 0.35546875 0.08333333333333333 0.3528645833333333 0.05324074074074074 0.3190104166666667 0.013888888888888888 0.3138020833333333 0
0 0.4752604166666667 0.0763888888888889 0.4739583333333333 0.09953703703703703 0.4778645833333333 0.1111111111111111 0.50390625 0.13657407407407407 0.5130208333333334 0.13657407407407407 0.5221354166666666 0.16203703703703703 0.5677083333333334 0.19212962962962962 0.5963541666666666 0.19212962962962962 0.6106770833333334 0.14583333333333334 0.6119791666666666 0.12962962962962962 0.6041666666666666 0.1111111111111111 0.5494791666666666 0.06018518518518518 0.5390625 0.041666666666666664 0.5182291666666666 0.03009259259259259 0.4947916666666667 0.02546296296296296 0.4791666666666667 0.05324074074074074
0 0.4440104166666667 0.1875 0.4401041666666667 0.22916666666666666 0.4479166666666667 0.24768518518518517 0.53125 0.33101851851851855 0.546875 0.3333333333333333 0.5520833333333334 0.3263888888888889 0.56640625 0.2800925925925926 0.5651041666666666 0.26157407407407407 0.55859375 0.25 0.5078125 0.19907407407407407 0.5013020833333334 0.1875 0.5026041666666666 0.17824074074074073 0.4908854166666667 0.18287037037037038 0.4778645833333333 0.16898148148148148 0.4583333333333333 0.16435185185185186
0 0.3893229166666667 0.31712962962962965 0.3854166666666667 0.36342592592592593 0.41015625 0.40046296296296297 0.4947916666666667 0.47453703703703703 0.5052083333333334 0.4722222222222222 0.5130208333333334 0.4537037037037037 0.5234375 0.4074074074074074 0.5052083333333334 0.37962962962962965 0.4479166666666667 0.31712962962962965 0.4127604166666667 0.28935185185185186 0.40234375 0.2916666666666667
0 0.35546875 0.4837962962962963 0.35546875 0.5208333333333334 0.3645833333333333 0.5347222222222222 0.4505208333333333 0.6018518518518519 0.4700520833333333 0.6064814814814815 0.484375 0.5740740740740741 0.48828125 0.5763888888888888 0.4921875 0.5601851851851852 0.4752604166666667 0.5277777777777778 0.4361979166666667 0.5 0.4010416666666667 0.4513888888888889 0.3697916666666667 0.4513888888888889
0 0.32421875 0.6365740740740741 0.32421875 0.6666666666666666 0.3515625 0.7037037037037037 0.36328125 0.7013888888888888 0.44140625 0.7592592592592593 0.44921875 0.7546296296296297 0.4661458333333333 0.6967592592592593 0.4661458333333333 0.6805555555555556 0.4466145833333333 0.6504629629629629 0.38671875 0.6134259259259259 0.3619791666666667 0.5856481481481481 0.33984375 0.5879629629629629 0.3307291666666667 0.6041666666666666
0 0.2838541666666667 0.7546296296296297 0.28125 0.7800925925925926 0.28515625 0.7962962962962963 0.3059895833333333 0.8194444444444444 0.3138020833333333 0.8449074074074074 0.3203125 0.8379629629629629 0.37109375 0.8935185185185185 0.38671875 0.8912037037037037 0.3984375 0.8726851851851852 0.4049479166666667 0.8333333333333334 0.390625 0.8055555555555556 0.3828125 0.8032407407407407 0.3828125 0.7939814814814815 0.3763020833333333 0.7870370370370371 0.3723958333333333 0.7916666666666666 0.35546875 0.7592592592592593 0.3463541666666667 0.7546296296296297 0.3307291666666667 0.7222222222222222 0.31640625 0.7129629629629629 0.30078125 0.7175925925925926
0 0.22135416666666666 0.8819444444444444 0.22265625 0.9259259259259259 0.24869791666666666 0.9652777777777778 0.2981770833333333 0.9976851851851852 0.3411458333333333 0.9976851851851852 0.3450520833333333 0.9884259259259259 0.3502604166666667 0.9467592592592593 0.3372395833333333 0.9236111111111112 0.3385416666666667 0.9120370370370371 0.3294270833333333 0.9004629629629629 0.3190104166666667 0.9097222222222222 0.3138020833333333 0.8935185185185185 0.3033854166666667 0.8958333333333334 0.2994791666666667 0.8796296296296297 0.2890625 0.8796296296296297 0.2825520833333333 0.8657407407407407 0.2760416666666667 0.8657407407407407 0.2643229166666667 0.8402777777777778 0.234375 0.8541666666666666
