0 0.13302994791666667 0.9366666666666666 0.12717057291666667 0.9444444444444444 0.11566796875 0.9922384259259259 0.20008723958333333 0.9976851851851852 0.21441015625 0.9930555555555556 0.21484375 0.979488425925926 0.20334244791666667 0.9721689814814815 0.197265625 0.9505578703703704 0.15559895833333334 0.9459282407407408 0.14431380208333333 0.9459282407407408
0 0.0013020833333333333 0.9352106481481482 0 0.9467847222222223 0.006510416666666667 0.9629884259259259 0.061197916666666664 0.9953958333333334 0.07942708333333333 0.9953958333333334 0.09895833333333333 0.9537291666666667 0.09635416666666667 0.9398402777777778 0.08333333333333333 0.925951388888889 0.032552083333333336 0.9004884259259259 0.013020833333333334 0.9074328703703705
0 0.13324609375 0.8642175925925926 0.13064192708333333 0.8873657407407407 0.14496484375 0.9128287037037036 0.17230859375 0.9197731481481481 0.19965234375 0.9382916666666666 0.21397526041666667 0.933662037037037 0.22569401041666667 0.8989398148148148 0.22569401041666667 0.8850509259259259 0.21918359375 0.871162037037037 0.16449609375 0.8410694444444444 0.14496484375 0.8410694444444444
0 0.16970442708333333 0.7808842592592592 0.16840234375 0.7994027777777778 0.18012109375 0.820236111111111 0.21137109375 0.8294953703703704 0.23350651041666667 0.8456990740740741 0.24913151041666667 0.8364398148148148 0.25954817708333333 0.8063472222222222 0.25173567708333333 0.7785694444444444 0.19314192708333333 0.7531064814814814 0.18012109375 0.7554212962962963
0 0.20572916666666666 0.6836550925925926 0.20442708333333334 0.7068032407407407 0.21354166666666666 0.7206921296296296 0.24609375 0.7276365740740741 0.2643229166666667 0.741525462962963 0.28125 0.7345810185185185 0.2903645833333333 0.7091180555555555 0.2838541666666667 0.6836550925925926 0.2591145833333333 0.6674513888888889 0.22005208333333334 0.6581921296296296
0 0.2274296875 0.6018680555555556 0.2235234375 0.6319606481481481 0.24175260416666666 0.6551087962962963 0.2547734375 0.6527939814814815 0.29123177083333335 0.6666828703703703 0.3016484375 0.6527939814814815 0.30425260416666666 0.6389050925925926 0.30034635416666666 0.6134421296296296 0.27951302083333335 0.5972384259259259 0.23394010416666666 0.5902939814814815
0 0.2552083333333333 0.5254722222222222 0.2552083333333333 0.5486203703703704 0.2682291666666667 0.5671388888888889 0.3190104166666667 0.5810277777777778 0.3307291666666667 0.5578796296296296 0.328125 0.5347314814814814 0.30078125 0.5138981481481482 0.2669270833333333 0.5046388888888889
0 0.037760416666666664 0.8241203703703703 0.036458333333333336 0.8403240740740741 0.045572916666666664 0.8588425925925925 0.06640625 0.8611574074074073 0.09505208333333333 0.877361111111111 0.109375 0.8704166666666666 0.12239583333333333 0.8380092592592592 0.11979166666666667 0.8241203703703703 0.10677083333333333 0.8125462962962963 0.07421875 0.7986574074074073 0.053385416666666664 0.7986574074074073
0 0.10763802083333333 0.6473935185185185 0.10633593749999999 0.6612824074074074 0.11675260416666666 0.6821157407407407 0.1453984375 0.6867453703703703 0.1610234375 0.7006342592592593 0.17404427083333332 0.6936898148148147 0.1883671875 0.6612824074074074 0.18706510416666666 0.6473935185185185 0.1727421875 0.6335046296296296 0.14279427083333332 0.6219305555555555 0.11935677083333333 0.6242453703703703
0 0.14149348958333333 0.5748796296296297 0.14149348958333333 0.5980277777777778 0.15060807291666667 0.6119166666666667 0.16753515625 0.6096018518518519 0.18967057291666667 0.6234907407407407 0.20399348958333333 0.6165462962962963 0.21441015625 0.5887685185185185 0.20269140625 0.5656203703703704 0.17404557291666667 0.5540462962962963 0.15191015625 0.5563611111111112
0 0.19140625 0.4575763888888889 0.19140625 0.47378009259259257 0.203125 0.48766898148148147 0.21744791666666666 0.4853541666666667 0.2421875 0.49924305555555554 0.25390625 0.4899837962962963 0.26171875 0.46683564814814815 0.2552083333333333 0.44600231481481484 0.22395833333333334 0.43442824074074077 0.203125 0.43674305555555554
0 0.2799479166666667 0.4606574074074074 0.2799479166666667 0.48843518518518514 0.2955729166666667 0.5046388888888889 0.3385416666666667 0.5185277777777778 0.3528645833333333 0.4930648148148148 0.34765625 0.46991666666666665 0.3138020833333333 0.44908333333333333 0.2890625 0.4444537037037037
0 0.4366315104166667 0.7361249999999999 0.4353294270833334 0.7662175925925925 0.44183984375 0.7754768518518518 0.4952252604166667 0.7986249999999999 0.5147565104166667 0.7963101851851851 0.5225690104166667 0.7639027777777777 0.5147565104166667 0.7407546296296296 0.4704856770833334 0.7199212962962962 0.4483502604166667 0.7176064814814814
0 0.4197044270833334 0.8256342592592593 0.4197044270833334 0.8510972222222222 0.43012109375 0.8673009259259259 0.4796002604166667 0.8881342592592593 0.49652734375 0.890449074074074 0.5082460937500001 0.8626712962962962 0.5095481770833333 0.8441527777777778 0.5030377604166667 0.827949074074074 0.4743919270833334 0.8117453703703703 0.43402734375 0.8001712962962962
0 0.4032122395833333 0.9189814814814815 0.39800390625 0.9513888888888888 0.40581640625 0.9699074074074074 0.4670143229166666 1 0.4813372395833333 1 0.4891497395833333 0.9884259259259259 0.4930559895833333 0.9467592592592593 0.4865455729166666 0.9328703703703703 0.4266497395833333 0.9050925925925926 0.4123268229166666 0.9050925925925926
0 0.5516497395833333 0.7515000000000001 0.5503476562499999 0.7931666666666667 0.5672747395833333 0.8140000000000001 0.5920143229166667 0.8163148148148148 0.6297747395833333 0.8417777777777778 0.6467018229166667 0.8371481481481482 0.6519101562499999 0.8232592592592594 0.6545143229166667 0.7885370370370371 0.6440976562499999 0.7607592592592594 0.5685768229166667 0.7283518518518519 0.5568580729166667 0.7283518518518519
0 0.5386276041666667 0.8534166666666666 0.5347213541666667 0.8973981481481481 0.5490442708333333 0.9205462962962963 0.5815963541666667 0.9274907407407407 0.6102421875 0.948324074074074 0.6258671875 0.9436944444444444 0.6323776041666667 0.9251759259259259 0.6336796875 0.8950833333333333 0.6258671875 0.8765648148148147 0.5568567708333333 0.8418425925925925 0.5451380208333333 0.8418425925925925
0 0.5707473958333333 0.5671203703703704 0.5720494791666667 0.5902685185185186 0.5850703125 0.608787037037037 0.6124140625 0.6134166666666666 0.6332473958333333 0.63425 0.6488723958333333 0.63425 0.6540807291666667 0.6273055555555556 0.6566848958333333 0.583324074074074 0.6254348958333333 0.5532314814814815 0.5850703125 0.5370277777777778 0.5746536458333333 0.5486018518518518
0 0.4592018229166666 0.6574212962962962 0.45659765625 0.6805694444444443 0.4618059895833333 0.6898287037037036 0.5151914062499999 0.7176064814814814 0.5308164062499999 0.7152916666666665 0.5386289062499999 0.6828842592592592 0.5308164062499999 0.6620509259259258 0.4891497395833333 0.6412175925925925 0.46831640625 0.6389027777777777
0 0.4717877604166667 0.5864328703703704 0.4704856770833334 0.6049513888888889 0.4796002604166667 0.6188402777777777 0.5251731770833333 0.6396736111111111 0.5407981770833333 0.6373587962962963 0.5486106770833333 0.6118958333333333 0.5434023437500001 0.5910625 0.5095481770833333 0.5702291666666667 0.48090234375 0.565599537037037
0 0.4865455729166666 0.5193032407407407 0.48394140625 0.5470810185185185 0.4969622395833333 0.5632847222222223 0.5451393229166667 0.5748587962962963 0.5594622395833333 0.5563402777777777 0.5568580729166667 0.5262476851851852 0.5373268229166667 0.5123587962962963 0.4969622395833333 0.5077291666666667
0 0.21831640625 0.3935115740740741 0.21831640625 0.4143449074074074 0.23394140625 0.4282337962962963 0.27039973958333335 0.43749305555555557 0.27821223958333335 0.43054861111111115 0.27691015625 0.38888194444444446 0.22873307291666667 0.3773078703703704
0 0.5811627604166667 0.4969212962962963 0.5798606770833333 0.5177546296296296 0.5863710937500001 0.5316435185185185 0.6345481770833333 0.5524768518518518 0.6540794270833333 0.550162037037037 0.6579856770833333 0.5409027777777777 0.6592877604166667 0.5061805555555555 0.6267356770833333 0.47840277777777773 0.5902773437500001 0.4691435185185185
0 0.5911458333333334 0.4197638888888889 0.5885416666666666 0.4544861111111111 0.5963541666666666 0.4706898148148148 0.6458333333333334 0.4915231481481481 0.6627604166666666 0.4845787037037037 0.6653645833333334 0.4544861111111111 0.6614583333333334 0.442912037037037 0.6145833333333334 0.4128194444444444 0.59765625 0.41050462962962964
0 0.6011289062499999 0.3526296296296297 0.6011289062499999 0.3919814814814815 0.6388893229166667 0.4058703703703704 0.6519101562499999 0.4197592592592593 0.6662330729166667 0.41744444444444445 0.6701393229166667 0.4081851851851852 0.67144140625 0.37809259259259265 0.66753515625 0.36883333333333335 0.6115455729166667 0.3410555555555556
0 0.5238723958333333 0.3387430555555555 0.5212682291666667 0.36420601851851847 0.5264765625 0.37115046296296295 0.5499140625 0.382724537037037 0.5564244791666667 0.37346527777777777 0.5655390625 0.37346527777777777 0.5720494791666667 0.38503935185185184 0.5811640625 0.38503935185185184 0.5863723958333333 0.37578009259259254 0.5837682291666667 0.3480023148148148 0.5720494791666667 0.33642824074074074 0.5407994791666667 0.32948379629629626
0 0.51171875 0.3865810185185185 0.5091145833333334 0.4004699074074074 0.51953125 0.4213032407407407 0.5716145833333334 0.4351921296296296 0.5794270833333334 0.4189884259259259 0.578125 0.39584027777777775 0.5455729166666666 0.37500694444444443 0.5208333333333334 0.3726921296296296
0 0.7947057291666666 0.5378171296296296 0.7934036458333332 0.5679097222222222 0.8064244791666666 0.5864282407407407 0.8441848958333332 0.5910578703703704 0.8637161458333332 0.6026319444444445 0.8793411458333332 0.5910578703703704 0.8819453125 0.5771689814814814 0.8793411458333332 0.544761574074074 0.8689244791666666 0.5378171296296296 0.8155390625 0.5262430555555555 0.8025182291666666 0.5262430555555555
0 0.8025169270833333 0.4074143518518518 0.80121484375 0.4328773148148148 0.81293359375 0.4490810185185185 0.8350690104166666 0.4467662037037037 0.86762109375 0.45834027777777775 0.8780377604166666 0.4560254629629629 0.8819440104166666 0.43750694444444443 0.87933984375 0.40972916666666664 0.86371484375 0.4004699074074074 0.83246484375 0.3935254629629629 0.80902734375 0.3981550925925926
0 0.7986119791666666 0.4660555555555556 0.7973098958333332 0.49383333333333335 0.8090286458333332 0.5123518518518518 0.8676223958333332 0.5239259259259259 0.8780390625 0.5169814814814815 0.8832473958333332 0.49614814814814817 0.8832473958333332 0.47994444444444445 0.8741328125 0.4637407407407408 0.8402786458333332 0.4521666666666667 0.8090286458333332 0.4521666666666667
0 0.8958333333333334 0.4791666666666667 0.8971354166666666 0.5092592592592593 0.9075520833333334 0.5185185185185185 0.9244791666666666 0.47685185185185186 0.9075520833333334 0.46296296296296297
0 0.9361979166666666 0.4722222222222222 0.9192708333333334 0.5231481481481481 0.96484375 0.5462962962962963 0.9765625 0.5462962962962963 0.9817708333333334 0.5370370370370371 0.984375 0.5208333333333334 0.9765625 0.4976851851851852
0 0.8932291666666666 0.41435185185185186 0.89453125 0.44212962962962965 0.90625 0.4583333333333333 0.9270833333333334 0.4583333333333333 0.953125 0.47453703703703703 0.9635416666666666 0.47453703703703703 0.9765625 0.46064814814814814 0.9739583333333334 0.4305555555555556 0.94921875 0.4097222222222222 0.91015625 0.39814814814814814
0 0.8893229166666666 0.3541666666666667 0.890625 0.3819444444444444 0.9036458333333334 0.39814814814814814 0.91796875 0.39351851851851855 0.95703125 0.4074074074074074 0.9674479166666666 0.3958333333333333 0.96875 0.375 0.9557291666666666 0.3541666666666667 0.9166666666666666 0.3402777777777778 0.8997395833333334 0.3402777777777778
0 0.88671875 0.30092592592592593 0.8854166666666666 0.32175925925925924 0.8958333333333334 0.33796296296296297 0.9270833333333334 0.3402777777777778 0.9479166666666666 0.35185185185185186 0.9635416666666666 0.3425925925925926 0.9622395833333334 0.3194444444444444 0.9544270833333334 0.3194444444444444 0.9479166666666666 0.30324074074074076 0.9348958333333334 0.29398148148148145 0.8958333333333334 0.28703703703703703
0 0.8854166666666666 0.2523148148148148 0.8854166666666666 0.27546296296296297 0.8919270833333334 0.2847222222222222 0.92578125 0.28935185185185186 0.9479166666666666 0.30092592592592593 0.9596354166666666 0.2916666666666667 0.9596354166666666 0.2708333333333333 0.9544270833333334 0.26157407407407407 0.9283854166666666 0.24305555555555555 0.89453125 0.2361111111111111
0 0.88671875 0.19907407407407407 0.8828125 0.2199074074074074 0.8893229166666666 0.2361111111111111 0.9114583333333334 0.2361111111111111 0.9427083333333334 0.2523148148148148 0.94921875 0.2523148148148148 0.9557291666666666 0.23842592592592593 0.953125 0.2199074074074074 0.92578125 0.19675925925925927 0.8958333333333334 0.19212962962962962
0 0.8841145833333334 0.1550925925925926 0.8815104166666666 0.17824074074074073 0.8932291666666666 0.18981481481481483 0.921875 0.19212962962962962 0.9361979166666666 0.2013888888888889 0.9453125 0.19907407407407407 0.94921875 0.18981481481481483 0.9453125 0.16666666666666666 0.9388020833333334 0.16898148148148148 0.9270833333333334 0.1527777777777778 0.890625 0.14583333333333334
0 0.8815104166666666 0.12731481481481483 0.8802083333333334 0.13657407407407407 0.88671875 0.14814814814814814 0.9205729166666666 0.14814814814814814 0.9388020833333334 0.16203703703703703 0.9466145833333334 0.1574074074074074 0.94921875 0.14583333333333334 0.9427083333333334 0.125 0.9140625 0.10648148148148148 0.8919270833333334 0.10416666666666667
0 0.7994791666666666 0.14814814814814814 0.7994791666666666 0.1712962962962963 0.8098958333333334 0.18287037037037038 0.828125 0.17824074074074073 0.85546875 0.18981481481481483 0.8671875 0.18287037037037038 0.87109375 0.16666666666666666 0.8645833333333334 0.13657407407407407 0.8268229166666666 0.13194444444444445 0.8072916666666666 0.13657407407407407
0 0.80078125 0.09953703703703703 0.7994791666666666 0.12268518518518519 0.8125 0.13657407407407407 0.8307291666666666 0.12962962962962962 0.86328125 0.13657407407407407 0.8684895833333334 0.12268518518518519 0.8684895833333334 0.10648148148148148 0.8606770833333334 0.09259259259259259 0.8294270833333334 0.08796296296296297
0 0.8020833333333334 0.05787037037037037 0.7994791666666666 0.08333333333333333 0.8072916666666666 0.09259259259259259 0.8294270833333334 0.08564814814814815 0.8619791666666666 0.09259259259259259 0.8658854166666666 0.0787037037037037 0.8619791666666666 0.05324074074074074 0.83203125 0.04861111111111111
0 0.80078125 0.03009259259259259 0.80078125 0.05324074074074074 0.828125 0.046296296296296294 0.8619791666666666 0.05092592592592592 0.8645833333333334 0.037037037037037035 0.8606770833333334 0.020833333333333332 0.8424479166666666 0.016203703703703703 0.8229166666666666 0.016203703703703703
0 0.6111106770833333 0.31096527777777777 0.6124127604166667 0.34337268518518516 0.6397565104166667 0.35031712962962963 0.6566835937500001 0.36420601851851847 0.6749127604166666 0.36420601851851847 0.6814231770833333 0.3480023148148148 0.6775169270833333 0.32485416666666667 0.6189231770833333 0.2970763888888889
0 0.5308164062499999 0.2955347222222222 0.5282122395833333 0.31868287037037035 0.5399309895833333 0.33257175925925925 0.5842018229166667 0.33951620370370367 0.5933164062499999 0.3256273148148148 0.5933164062499999 0.30247916666666663 0.5802955729166667 0.29321990740740744 0.5386289062499999 0.2885902777777778
0 0.5494791666666666 0.23071296296296298 0.5481770833333334 0.2492314814814815 0.5533854166666666 0.2631203703703704 0.6041666666666666 0.27469444444444446 0.6119791666666666 0.25386111111111115 0.6080729166666666 0.2353425925925926 0.5885416666666666 0.22376851851851853 0.5677083333333334 0.2214537037037037
0 0.62109375 0.2361111111111111 0.6197916666666666 0.26157407407407407 0.6236979166666666 0.26851851851851855 0.6549479166666666 0.2777777777777778 0.6731770833333334 0.2916666666666667 0.6861979166666666 0.2847222222222222 0.68359375 0.25 0.640625 0.22453703703703703 0.6276041666666666 0.22453703703703703
0 0.62890625 0.18981481481481483 0.6263020833333334 0.2199074074074074 0.6497395833333334 0.22453703703703703 0.6809895833333334 0.24537037037037038 0.69140625 0.23842592592592593 0.6927083333333334 0.20833333333333334 0.6875 0.19907407407407407 0.6484375 0.18055555555555555 0.6354166666666666 0.18055555555555555
0 0.63671875 0.14583333333333334 0.6393229166666666 0.17824074074074073 0.6614583333333334 0.18055555555555555 0.68359375 0.19675925925925927 0.6940104166666666 0.19444444444444445 0.6979166666666666 0.18287037037037038 0.69921875 0.16203703703703703 0.6731770833333334 0.1388888888888889 0.64453125 0.13425925925925927
0 0.6419270833333334 0.1111111111111111 0.6432291666666666 0.13194444444444445 0.6692708333333334 0.13425925925925927 0.6861979166666666 0.15046296296296297 0.69921875 0.1527777777777778 0.703125 0.13657407407407407 0.7005208333333334 0.11342592592592593 0.67578125 0.09722222222222222 0.6510416666666666 0.09259259259259259
0 0.65234375 0.05787037037037037 0.6510416666666666 0.09027777777777778 0.6953125 0.10648148148148148 0.70703125 0.09722222222222222 0.7083333333333334 0.07407407407407407 0.6848958333333334 0.05324074074074074 0.6627604166666666 0.04861111111111111
0 0.58984375 0.03009259259259259 0.5924479166666666 0.04861111111111111 0.6171875 0.046296296296296294 0.63671875 0.05555555555555555 0.6432291666666666 0.04398148148148148 0.63671875 0.02546296296296296 0.6223958333333334 0.016203703703703703 0.59765625 0.018518518518518517
0 0.5859375 0.05555555555555555 0.5833333333333334 0.0763888888888889 0.5950520833333334 0.08564814814814815 0.6302083333333334 0.09259259259259259 0.6380208333333334 0.0763888888888889 0.6354166666666666 0.05787037037037037 0.6197916666666666 0.04861111111111111
0 0.57421875 0.10416666666666667 0.5729166666666666 0.11574074074074074 0.5807291666666666 0.12731481481481483 0.6223958333333334 0.13657407407407407 0.6302083333333334 0.12037037037037036 0.6263020833333334 0.10185185185185185 0.609375 0.09027777777777778 0.58203125 0.09259259259259259
0 0.56640625 0.1388888888888889 0.5651041666666666 0.1597222222222222 0.5716145833333334 0.16666666666666666 0.6158854166666666 0.17824074074074073 0.6236979166666666 0.1574074074074074 0.62109375 0.1412037037037037 0.5989583333333334 0.12962962962962962 0.5716145833333334 0.13194444444444445
0 0.55859375 0.1790138888888889 0.5559895833333334 0.20447685185185185 0.5638020833333334 0.2114212962962963 0.5807291666666666 0.2114212962962963 0.6015625 0.22299537037037037 0.6119791666666666 0.22299537037037037 0.6158854166666666 0.2114212962962963 0.6158854166666666 0.19058796296296296 0.5989583333333334 0.1766990740740741 0.578125 0.17206944444444444
0 0.31336848958333335 0.3942962962962963 0.31076432291666667 0.4220740740740741 0.31987890625 0.435962962962963 0.37066015625 0.4521666666666667 0.3810768229166666 0.4290185185185185 0.3771705729166666 0.4081851851851852 0.3537330729166666 0.3896666666666667 0.32248307291666667 0.38272222222222224
0 0.3359375 0.33256712962962964 0.3294270833333333 0.34877083333333336 0.3333333333333333 0.37654861111111115 0.37890625 0.39738194444444447 0.39453125 0.3858078703703704 0.3958333333333333 0.36728935185185185 0.390625 0.3557152777777778 0.3515625 0.3302523148148148
0 0.3424479166666667 0.2901273148148148 0.3424479166666667 0.31096064814814817 0.36328125 0.3271643518518519 0.3958333333333333 0.33642361111111113 0.4075520833333333 0.3202199074074074 0.4049479166666667 0.29475694444444445 0.37890625 0.2762384259259259 0.35546875 0.2692939814814815
0 0.3606770833333333 0.22685185185185186 0.3606770833333333 0.25 0.3697916666666667 0.25925925925925924 0.4049479166666667 0.27314814814814814 0.4127604166666667 0.27314814814814814 0.421875 0.25925925925925924 0.4205729166666667 0.24074074074074073 0.3984375 0.2175925925925926 0.3697916666666667 0.21064814814814814
0 0.3802083333333333 0.1736111111111111 0.375 0.19212962962962962 0.3763020833333333 0.20833333333333334 0.4192708333333333 0.23148148148148148 0.4348958333333333 0.2199074074074074 0.4361979166666667 0.19675925925925927 0.4140625 0.17592592592592593 0.39453125 0.16898148148148148
0 0.3932291666666667 0.1388888888888889 0.390625 0.16435185185185186 0.3971354166666667 0.16898148148148148 0.43359375 0.1875 0.44921875 0.1712962962962963 0.44921875 0.1550925925925926 0.4296875 0.13657407407407407 0.3984375 0.12962962962962962
0 0.4075520833333333 0.10185185185185185 0.4049479166666667 0.125 0.44921875 0.15046296296296297 0.4622395833333333 0.12962962962962962 0.4596354166666667 0.11342592592592593 0.43359375 0.09490740740740741 0.4140625 0.09259259259259259
0 0.41796875 0.07175925925925926 0.4166666666666667 0.08796296296296297 0.421875 0.09259259259259259 0.4440104166666667 0.09722222222222222 0.45703125 0.1087962962962963 0.4661458333333333 0.1087962962962963 0.4713541666666667 0.09953703703703703 0.46875 0.0763888888888889 0.4453125 0.06018518518518518 0.42578125 0.05787037037037037
0 0.4309895833333333 0.03935185185185185 0.4322916666666667 0.05555555555555555 0.47265625 0.07407407407407407 0.4830729166666667 0.06018518518518518 0.4830729166666667 0.04398148148148148 0.4635416666666667 0.027777777777777776 0.4388020833333333 0.023148148148148147
0 0.3515625 0.0625 0.3515625 0.08101851851851852 0.3723958333333333 0.08101851851851852 0.390625 0.09490740740740741 0.4036458333333333 0.08101851851851852 0.4010416666666667 0.05787037037037037 0.38671875 0.04861111111111111 0.3671875 0.04861111111111111
0 0.3337669270833334 0.09722222222222222 0.3337669270833334 0.11574074074074074 0.35980859375 0.11805555555555555 0.37543359375 0.13194444444444445 0.38715234375 0.1111111111111111 0.3819440104166667 0.09027777777777778 0.3689231770833334 0.08333333333333333 0.3415794270833334 0.08564814814814815
0 0.3229166666666667 0.12731481481481483 0.3203125 0.14583333333333334 0.32421875 0.1527777777777778 0.3658854166666667 0.16435185185185186 0.3763020833333333 0.14814814814814814 0.3763020833333333 0.13194444444444445 0.359375 0.11805555555555555 0.328125 0.12037037037037036
0 0.31076432291666667 0.1535578703703704 0.30816015625 0.1720763888888889 0.31206640625 0.17902083333333335 0.3537330729166666 0.19059490740740742 0.3641497395833333 0.1743912037037037 0.3641497395833333 0.1581875 0.34722265625 0.1442986111111111 0.31597265625 0.14661342592592594
0 0.29383723958333335 0.19522453703703704 0.29644140625 0.21142824074074074 0.28732682291666667 0.20911342592592594 0.28862890625 0.2160578703703704 0.30295182291666667 0.21142824074074074 0.30555598958333335 0.2206875 0.3368059895833333 0.23226157407407408 0.35112890625 0.21142824074074074 0.35112890625 0.19985416666666667 0.3446184895833333 0.1882800925925926 0.32508723958333335 0.18133564814814815 0.30164973958333335 0.18365046296296297
0 0.2734375 0.23766435185185186 0.2708333333333333 0.2584976851851852 0.2760416666666667 0.2677569444444445 0.296875 0.2747013888888889 0.3059895833333333 0.2677569444444445 0.3151041666666667 0.2816458333333334 0.33203125 0.2584976851851852 0.3294270833333333 0.2399791666666667 0.3229166666666667 0.23071990740740742 0.3020833333333333 0.22377546296296297 0.2994791666666667 0.23534953703703707 0.2890625 0.2260902777777778
0 0.2591145833333333 0.2878194444444444 0.2565104166666667 0.3040231481481481 0.26171875 0.32022685185185185 0.3020833333333333 0.3318009259259259 0.30859375 0.3294861111111111 0.3177083333333333 0.3040231481481481 0.3033854166666667 0.280875 0.2669270833333333 0.27856018518518516
0 0.23784765625 0.33643055555555557 0.23784765625 0.3642083333333333 0.27951432291666667 0.380412037037037 0.29253515625 0.37578240740740737 0.30034765625 0.35494907407407406 0.29644140625 0.33411574074074074 0.26909765625 0.32254166666666667 0.24566015625 0.32485648148148144
0 0.06727343749999999 0.29166435185185186 0.06727343749999999 0.31249768518518517 0.08029427083333333 0.3310162037037037 0.11935677083333333 0.3472199074074074 0.1375859375 0.32407175925925924 0.13107552083333332 0.3009236111111111 0.09852343749999999 0.2800902777777778 0.07638802083333333 0.27546064814814814
0 0.13628515625 0.1759236111111111 0.13498307291666667 0.19675694444444444 0.14670182291666667 0.21527546296296296 0.17144140625 0.21990509259259258 0.18055598958333333 0.23147916666666665 0.19878515625 0.2083310185185185 0.19487890625 0.1921273148148148 0.17013932291666667 0.17129398148148148 0.14279557291666667 0.16434953703703703
0 0.17795052083333332 0.09259027777777779 0.1766484375 0.11573842592592593 0.1883671875 0.13657175925925927 0.2000859375 0.13194212962962965 0.2235234375 0.1458310185185185 0.23784635416666666 0.1273125 0.2352421875 0.10879398148148149 0.20659635416666666 0.08796064814814815 0.1844609375 0.08333101851851853
0 0.203125 0.054009259259259264 0.19921875 0.06789814814814815 0.20182291666666666 0.08410185185185186 0.234375 0.10262037037037038 0.24479166666666666 0.09799074074074074 0.2526041666666667 0.08178703703703703 0.24739583333333334 0.06789814814814815 0.23307291666666666 0.056324074074074075 0.21614583333333334 0.049379629629629634
0 0.22352473958333333 0.006939814814814815 0.22092057291666667 0.030087962962962962 0.22612890625 0.0370324074074074 0.26258723958333335 0.05555092592592593 0.27691015625 0.04397685185185186 0.27821223958333335 0.030087962962962962 0.25868098958333335 0.00925462962962963 0.24435807291666667 0.002310185185185185
0 0.4427083333333333 0 0.4427083333333333 0.020833333333333332 0.4635416666666667 0.02546296296296296 0.4791666666666667 0.03935185185185185 0.4934895833333333 0.03009259259259259 0.4947916666666667 0.013888888888888888 0.4817708333333333 0
0 0.010416666666666666 0.023148148148148147 0 0.023148148148148147 0 0.06712962962962964 0.016927083333333332 0.0787037037037037 0.040364583333333336 0.06712962962962964 0.041666666666666664 0.05787037037037037 0.036458333333333336 0.046296296296296294
0 0.016927083333333332 0.0023148148148148147 0.018229166666666668 0.023148148148148147 0.03515625 0.03935185185185185 0.0546875 0.04398148148148148 0.06640625 0.03009259259259259 0.06640625 0.016203703703703703 0.052083333333333336 0
0 0.8776041666666666 0.04398148148148148 0.8802083333333334 0.06712962962962964 0.90234375 0.05787037037037037 0.9205729166666666 0.06481481481481481 0.9309895833333334 0.0787037037037037 0.9361979166666666 0.0787037037037037 0.9388020833333334 0.06712962962962964 0.9348958333333334 0.04861111111111111 0.9049479166666666 0.03009259259259259 0.8880208333333334 0.03009259259259259
0 0.875 0.013888888888888888 0.87890625 0.032407407407407406 0.9010416666666666 0.027777777777777776 0.9036458333333334 0.03935185185185185 0.90234375 0.03009259259259259 0.90625 0.02546296296296296 0.9140625 0.027777777777777776 0.9140625 0.03935185185185185 0.9348958333333334 0.03935185185185185 0.93359375 0.016203703703703703 0.9166666666666666 0.009259259259259259 0.9140625 0 0.8815104166666666 0
0 0.234375 0 0.234375 0.018518518518518517 0.26953125 0.04398148148148148 0.2838541666666667 0.02546296296296296 0.2825520833333333 0.013888888888888888 0.2682291666666667 0
0 0.03689192708333333 0.34105092592592595 0.03689192708333333 0.3665138888888889 0.04991276041666667 0.3827175925925926 0.09418359375 0.3966064814814815 0.11241276041666666 0.3711435185185185 0.10850651041666666 0.3503101851851852 0.07725651041666666 0.3294768518518519 0.04600651041666667 0.32484722222222223
0 0.004774739583333333 0.4128101851851852 0.004774739583333333 0.43595833333333334 0.020399739583333333 0.4544768518518519 0.03342057291666667 0.45216203703703706 0.062066406250000004 0.4637361111111111 0.07769140625 0.4429027777777778 0.07378515625 0.41743981481481485 0.05164973958333333 0.4012361111111111 0.013889322916666667 0.3966064814814815
0 0.7916666666666666 0.36342592592592593 0.7916666666666666 0.38425925925925924 0.8046875 0.40046296296296297 0.8177083333333334 0.3958333333333333 0.8658854166666666 0.4050925925925926 0.87109375 0.38425925925925924 0.8697916666666666 0.36342592592592593 0.8645833333333334 0.3541666666666667 0.8372395833333334 0.3449074074074074 0.80078125 0.3472222222222222
0 0.4986979166666667 0.4583333333333333 0.4973958333333333 0.48148148148148145 0.5130208333333334 0.4976851851851852 0.55078125 0.5046296296296297 0.5703125 0.49537037037037035 0.5703125 0.4652777777777778 0.5611979166666666 0.4537037037037037 0.5078125 0.4444444444444444
0 0.006510416666666667 0.4722222222222222 0 0.4722222222222222 0 0.5347222222222222 0.018229166666666668 0.5439814814814815 0.03125 0.5393518518518519 0.045572916666666664 0.5046296296296297 0.036458333333333336 0.48842592592592593
