0 0.6497395833333334 0.8842592592592593 0.64453125 0.9004629629629629 0.64453125 0.9236111111111112 0.6510416666666666 0.9976851851851852 0.7473958333333334 0.9976851851851852 0.7213541666666666 0.9074074074074074 0.7083333333333334 0.8796296296296297
0 0.6193580729166667 0.6805555555555556 0.6154518229166667 0.6944444444444444 0.6180559895833333 0.7430555555555556 0.6375872395833333 0.8194444444444444 0.6453997395833333 0.8842592592592593 0.6636289062499999 0.8935185185185185 0.6701393229166667 0.875 0.71050390625 0.8726851851851852 0.71441015625 0.8449074074074074 0.7013893229166667 0.8009259259259259 0.70269140625 0.7893518518518519 0.66753515625 0.6805555555555556
0 0.5980898437500001 0.5408935185185185 0.5928815104166667 0.5455231481481482 0.5928815104166667 0.584875 0.6111106770833333 0.684412037037037 0.6176210937500001 0.6913564814814814 0.6254335937500001 0.6728379629629629 0.6618919270833333 0.6682083333333333 0.6618919270833333 0.6450601851851852 0.6384544270833333 0.5524675925925926 0.6267356770833333 0.5385787037037036
0 0.5776914062499999 0.44521527777777775 0.5789934895833333 0.4938263888888889 0.5933164062499999 0.5540115740740741 0.5972226562499999 0.5540115740740741 0.6024309895833333 0.5354930555555556 0.6323789062499999 0.530863425925926 0.6232643229166667 0.47530787037037037 0.6089414062499999 0.43827083333333333
0 0.5633684895833333 0.37422685185185184 0.5646705729166667 0.40894907407407405 0.5737851562499999 0.45756018518518515 0.5815976562499999 0.4413564814814815 0.6089414062499999 0.43672685185185184 0.6024309895833333 0.397375 0.5907122395833333 0.3672824074074074 0.5724830729166667 0.3649675925925926
0 0.5807291666666666 0.3194444444444444 0.578125 0.33101851851851855 0.5872395833333334 0.37962962962962965 0.5950520833333334 0.3680555555555556 0.6171875 0.36574074074074076 0.6158854166666666 0.3472222222222222 0.6041666666666666 0.3148148148148148 0.5885416666666666 0.3125
0 0.5460065104166667 0.27314814814814814 0.5512148437500001 0.3194444444444444 0.5785585937500001 0.3101851851851852 0.5681419270833333 0.2662037037037037 0.5603294270833333 0.26157407407407407
0 0.5611979166666666 0.22916666666666666 0.5598958333333334 0.24305555555555555 0.56640625 0.2662037037037037 0.5885416666666666 0.2569444444444444 0.5807291666666666 0.22685185185185186
0 0.5559895833333334 0.8912037037037037 0.5533854166666666 0.9305555555555556 0.5611979166666666 1 0.640625 1 0.6315104166666666 0.9375 0.6158854166666666 0.8842592592592593 0.5638020833333334 0.8842592592592593
0 0.5390625 0.6944444444444444 0.5416666666666666 0.7731481481481481 0.5520833333333334 0.8217592592592593 0.5559895833333334 0.8842592592592593 0.5638020833333334 0.8935185185185185 0.5729166666666666 0.8796296296296297 0.6223958333333334 0.8726851851851852 0.6223958333333334 0.8449074074074074 0.5911458333333334 0.6875 0.5846354166666666 0.6782407407407407 0.5455729166666666 0.6782407407407407
0 0.5277773437500001 0.5470671296296297 0.5277773437500001 0.5979930555555556 0.5355898437500001 0.6327152777777778 0.5394960937500001 0.6882708333333334 0.5434023437500001 0.692900462962963 0.5499127604166667 0.6743819444444445 0.5902773437500001 0.6720671296296297 0.5915794270833333 0.6535486111111112 0.5707460937500001 0.5493819444444444 0.5642356770833333 0.5401226851851851
0 0.5221354166666666 0.3672824074074074 0.5182291666666666 0.3996898148148148 0.5234375 0.4413564814814815 0.5260416666666666 0.4459861111111111 0.5338541666666666 0.434412037037037 0.5598958333333334 0.434412037037037 0.546875 0.3649675925925926
0 0.5572916666666666 0.3101851851851852 0.5403645833333334 0.3194444444444444 0.54296875 0.36342592592592593 0.5494791666666666 0.375 0.546875 0.38425925925925924 0.5520833333333334 0.37037037037037035 0.57421875 0.36574074074074076 0.5677083333333334 0.31712962962962965
0 0.5225690104166667 0.4483009259259259 0.5212669270833333 0.4922824074074074 0.5316835937500001 0.5478379629629629 0.5394960937500001 0.5385787037037036 0.5707460937500001 0.5362638888888889 0.5720481770833333 0.522375 0.5564231770833333 0.4459861111111111 0.5303815104166667 0.4413564814814815
0 0.47265625 0.375 0.47265625 0.44212962962962965 0.5091145833333334 0.44212962962962965 0.5013020833333334 0.37037037037037035 0.4830729166666667 0.3680555555555556
0 0.4713541666666667 0.44444212962962965 0.4713541666666667 0.5486087962962963 0.4856770833333333 0.5347199074074074 0.5130208333333334 0.5347199074074074 0.5065104166666666 0.4467569444444444
0 0.4717877604166667 0.5486111111111112 0.47308984375 0.5601851851851852 0.4665794270833334 0.5833333333333334 0.4717877604166667 0.6828703703703703 0.4796002604166667 0.6736111111111112 0.5212669270833333 0.6712962962962963 0.5082460937500001 0.5509259259259259 0.5043398437500001 0.5439814814814815
0 0.4626731770833334 0.6929027777777778 0.4626731770833334 0.7623472222222222 0.4678815104166667 0.8086435185185186 0.4639752604166667 0.8711435185185186 0.4665794270833334 0.8873472222222222 0.5316835937500001 0.8827175925925926 0.5329856770833333 0.8503101851851852 0.5121523437500001 0.6836435185185186 0.4678815104166667 0.6813287037037037
0 0.4618059895833333 0.9050925925925926 0.4631080729166666 1 0.5373268229166667 0.9976851851851852 0.5308164062499999 0.9120370370370371 0.5230039062499999 0.8865740740740741 0.47222265625 0.8865740740740741 0.4657122395833333 0.8888888888888888
0 0.36371484375 0.9560185185185185 0.36371484375 1 0.4353294270833334 1 0.4327252604166667 0.8935185185185185 0.37152734375 0.8912037037037037
0 0.26215234375 0.9537013888888889 0.25824609375 0.9884236111111112 0.3376731770833334 0.9884236111111112 0.3389752604166667 0.8958310185185185 0.32725651041666665 0.8842569444444445 0.27907942708333333 0.8865717592592594 0.26866276041666665 0.9120347222222223
0 0.17057291666666666 0.8981481481481481 0.14583333333333334 1 0.23567708333333334 1 0.23567708333333334 0.9490740740740741 0.24088541666666666 0.9236111111111112 0.23567708333333334 0.8819444444444444 0.1796875 0.8796296296296297
0 0.03515625 0.9884259259259259 0.032552083333333336 0.9976851851851852 0.13541666666666666 0.9953703703703703 0.14192708333333334 0.9212962962962963 0.13541666666666666 0.8888888888888888 0.07421875 0.8888888888888888
0 0.02517317708333333 0.8294745370370371 0.01996484375 0.8503078703703705 0.02387109375 0.8780856481481482 0.06032942708333333 0.8827152777777778 0.06553776041666666 0.8896597222222223 0.09548567708333333 0.8780856481481482 0.10199609375 0.8549375 0.09939192708333333 0.8479930555555556 0.10720442708333333 0.8387337962962964 0.12543359375 0.755400462962963 0.13715234375 0.7229930555555556 0.13715234375 0.681326388888889 0.11805598958333334 0.6766967592592593 0.11371484375 0.6836412037037037 0.10980859375 0.6743819444444445 0.10590234375 0.681326388888889 0.10069401041666666 0.6743819444444445 0.09418359375 0.6836412037037037 0.09418359375 0.6743819444444445 0.08376692708333333 0.6836412037037037 0.08767317708333333 0.6952152777777778 0.07074609375 0.7044745370370371 0.05772526041666667 0.7299375
0 0.10763932291666667 0.843363425925926 0.10763932291666667 0.8641967592592593 0.11545182291666667 0.8757708333333334 0.14800390625 0.8757708333333334 0.15581640625 0.8850300925925927 0.18055598958333333 0.8757708333333334 0.18576432291666667 0.8618819444444445 0.18316015625 0.8155856481481482 0.19227473958333333 0.780863425925926 0.20659765625 0.7646597222222223 0.21050390625 0.7507708333333334 0.20920182291666667 0.6743819444444445 0.15711848958333333 0.6743819444444445 0.13758723958333333 0.7229930555555556
0 0.20095442708333333 0.8410532407407407 0.19965234375 0.8711458333333333 0.20616276041666667 0.8850347222222221 0.24522526041666667 0.8827199074074074 0.25564192708333333 0.8919791666666667 0.26866276041666665 0.8780902777777777 0.27387109375 0.8040162037037036 0.28558984375 0.762349537037037 0.28819401041666665 0.6929050925925926 0.28298567708333333 0.6813310185185185 0.24131901041666667 0.6790162037037036 0.23611067708333333 0.6859606481481481
0 0.31293359375 0.6797777777777777 0.30772526041666665 0.7422777777777777 0.29340234375 0.8279259259259258 0.29340234375 0.8672777777777777 0.35590234375 0.8742222222222222 0.35980859375 0.8672777777777777 0.3689231770833334 0.6728333333333333 0.36371484375 0.6589444444444444 0.32204817708333333 0.6589444444444444
0 0.39105859375 0.7283935185185185 0.3923606770833334 0.7515416666666667 0.3845481770833334 0.7839490740740741 0.3884544270833334 0.7978379629629629 0.3858502604166667 0.8626527777777778 0.3936627604166667 0.871912037037037 0.44574609375 0.8695972222222222 0.44965234375 0.8533935185185185 0.4470481770833334 0.8001527777777778 0.4509544270833334 0.7816342592592592 0.44183984375 0.6797824074074074 0.39887109375 0.6797824074074074
0 0.4040794270833334 0.5748425925925926 0.4014752604166667 0.66975 0.44965234375 0.6790092592592593 0.45355859375 0.6466018518518518 0.4483502604166667 0.54475 0.41449609375 0.5378055555555555 0.40668359375 0.5470648148148148
0 0.4157981770833334 0.4899699074074074 0.4157981770833334 0.545525462962963 0.44965234375 0.545525462962963 0.45746484375 0.5547847222222222 0.4561627604166667 0.4668217592592593 0.4522565104166667 0.45061805555555556 0.42230859375 0.44830324074074074
0 0.35199609375 0.5084884259259259 0.35199609375 0.5408958333333334 0.3897565104166667 0.545525462962963 0.3936627604166667 0.5339513888888889 0.40625 0.4365162037037037 0.3624127604166667 0.44830324074074074
0 0.3381080729166666 0.6211388888888889 0.3342018229166666 0.6489166666666667 0.3381080729166666 0.6651203703703703 0.3758684895833333 0.6651203703703703 0.3849830729166666 0.6743796296296296 0.39409765625 0.5956759259259259 0.39409765625 0.5378055555555555 0.3563372395833333 0.5331759259259259 0.3485247395833333 0.5493796296296296
0 0.2630208333333333 0.6381180555555555 0.26171875 0.6520069444444444 0.2708333333333333 0.6635810185185185 0.30078125 0.6658958333333332 0.3111979166666667 0.6774699074074073 0.32421875 0.594136574074074 0.32421875 0.5339513888888889 0.2877604166666667 0.531636574074074
0 0.29644140625 0.5038564814814814 0.29513932291666667 0.522375 0.32899348958333335 0.5246898148148148 0.3368059895833333 0.5362638888888889 0.34722265625 0.4459861111111111 0.3446184895833333 0.434412037037037 0.31467057291666667 0.4320972222222222
0 0.3736979166666667 0.3757685185185185 0.3684895833333333 0.4313240740740741 0.40234375 0.43363888888888885 0.40625 0.36419444444444443 0.4010416666666667 0.35725 0.3776041666666667 0.35725
0 0.4288190104166667 0.39197453703703705 0.4288190104166667 0.442900462962963 0.4626731770833334 0.44058564814814816 0.4587669270833334 0.37577083333333333 0.43402734375 0.3688263888888889
0 0.19053776041666667 0.6466041666666668 0.18923567708333333 0.6697523148148149 0.22439192708333333 0.6697523148148149 0.23220442708333333 0.6882708333333334 0.24392317708333333 0.6836412037037037 0.24782942708333333 0.6466041666666668 0.26475651041666665 0.5979930555555556 0.26345442708333333 0.5424375 0.25564192708333333 0.5354930555555556 0.22569401041666667 0.5354930555555556 0.20355859375 0.5910486111111111
0 0.11892317708333333 0.6357986111111111 0.11892317708333333 0.6566319444444445 0.15017317708333333 0.6589467592592593 0.15928776041666667 0.6774652777777779 0.18142317708333333 0.6589467592592593 0.20486067708333333 0.5617245370370371 0.20095442708333333 0.5270023148148147 0.15928776041666667 0.5293171296296296 0.14496484375 0.5524652777777778
0 0.0234375 0.6620555555555555 0.020833333333333332 0.6875185185185185 0.010416666666666666 0.7083518518518518 0.009114583333333334 0.7245555555555555 0.040364583333333336 0.7314999999999999 0.044270833333333336 0.743074074074074 0.055989583333333336 0.7453888888888889 0.07552083333333333 0.7291851851851852 0.07682291666666667 0.7106666666666667 0.10546875 0.6203888888888889 0.10416666666666667 0.6041851851851852 0.09505208333333333 0.5949259259259259 0.06510416666666667 0.5972407407407407 0.041666666666666664 0.6227037037037036
0 0.0013020833333333333 0.6281018518518517 0 0.637361111111111 0.020833333333333332 0.6443055555555555 0.03515625 0.6605092592592592 0.05859375 0.6095833333333333 0.078125 0.5864351851851852 0.08203125 0.5702314814814815 0.10091145833333333 0.5584652777777778 0.08875911458333334 0.5476597222222223 0.08875911458333334 0.5430300925925926 0.053167968749999996 0.529136574074074 0.013020833333333334 0.5933796296296295
0 0.14539973958333333 0.47375231481481483 0.14670182291666667 0.48764120370370373 0.17013932291666667 0.48764120370370373 0.18185807291666667 0.5015300925925926 0.19618098958333333 0.4830115740740741 0.20529557291666667 0.4575486111111111 0.21310807291666667 0.4066226851851852 0.19227473958333333 0.39967824074074076 0.17274348958333333 0.40430787037037036 0.15972265625 0.42514120370370373
0 0.24956640625 0.4768541666666667 0.23784765625 0.5370393518518518 0.27039973958333335 0.5393541666666667 0.27300390625 0.5532430555555555 0.27951432291666667 0.5578726851851852 0.28993098958333335 0.523150462962963 0.29383723958333335 0.46759490740740745 0.26649348958333335 0.44444675925925925
0 0.17838541666666666 0.5100300925925926 0.17838541666666666 0.530863425925926 0.20703125 0.5331782407407407 0.21354166666666666 0.5563263888888889 0.21744791666666666 0.5563263888888889 0.22916666666666666 0.530863425925926 0.23958333333333334 0.48919675925925926 0.2421875 0.4475300925925926 0.21223958333333334 0.442900462962963 0.19921875 0.4498449074074074
0 0.2981770833333333 0.40277546296296296 0.29296875 0.43055324074074075 0.3125 0.43749768518518517 0.3125 0.44444212962962965 0.3203125 0.43518287037037034 0.3255208333333333 0.4537013888888889 0.3372395833333333 0.4120347222222222 0.3411458333333333 0.3703680555555555 0.3372395833333333 0.3634236111111111 0.3151041666666667 0.3611087962962963 0.3046875 0.3773125
0 0.3446184895833333 0.40431944444444445 0.34331640625 0.42283796296296294 0.3693580729166666 0.42515277777777777 0.3758684895833333 0.434412037037037 0.3836809895833333 0.39043055555555556 0.37847265625 0.371912037037037 0.3563372395833333 0.371912037037037
0 0.5026041666666666 0.3194444444444444 0.5013020833333334 0.35185185185185186 0.5052083333333334 0.3726851851851852 0.5325520833333334 0.3680555555555556 0.5286458333333334 0.31712962962962965
0 0.46484375 0.2638888888888889 0.4622395833333333 0.33101851851851855 0.4895833333333333 0.33101851851851855 0.4869791666666667 0.2569444444444444
0 0.4609375 0.3402777777777778 0.4609375 0.36574074074074076 0.4908854166666667 0.3726851851851852 0.4869791666666667 0.31712962962962965 0.4635416666666667 0.3125
0 0.41796875 0.34953703703703703 0.41796875 0.36574074074074076 0.4388020833333333 0.36574074074074076 0.4453125 0.3726851851851852 0.44921875 0.3611111111111111 0.44921875 0.3194444444444444 0.4361979166666667 0.3148148148148148 0.4244791666666667 0.32175925925925924
0 0.3802083333333333 0.3333333333333333 0.375 0.35648148148148145 0.3763020833333333 0.3726851851851852 0.4036458333333333 0.37962962962962965 0.41015625 0.3587962962962963 0.41015625 0.31712962962962965 0.3854166666666667 0.3148148148148148
0 0.3333333333333333 0.3425925925925926 0.3307291666666667 0.36342592592592593 0.3619791666666667 0.375 0.3723958333333333 0.3194444444444444 0.3658854166666667 0.30787037037037035 0.3489583333333333 0.3055555555555556
0 0.2903645833333333 0.3425925925925926 0.2877604166666667 0.36342592592592593 0.31640625 0.375 0.3294270833333333 0.3541666666666667 0.3294270833333333 0.31712962962962965 0.3098958333333333 0.3055555555555556 0.2942708333333333 0.3263888888888889
0 0.24045182291666667 0.42515277777777777 0.23914973958333333 0.4320972222222222 0.24435807291666667 0.43672685185185184 0.26388932291666667 0.43672685185185184 0.27560807291666667 0.4459861111111111 0.28993098958333335 0.40894907407407405 0.29383723958333335 0.37422685185185184 0.27691015625 0.3649675925925926 0.25737890625 0.3695972222222222
0 0.13932291666666666 0.42514351851851856 0.13802083333333334 0.43671759259259263 0.1484375 0.44366203703703705 0.1640625 0.47143981481481484 0.1796875 0.42977314814814815 0.20052083333333334 0.3996805555555556 0.20182291666666666 0.3834768518518519 0.19401041666666666 0.36495833333333333 0.17317708333333334 0.36264351851851856 0.14583333333333334 0.40199537037037036
0 0.06770833333333333 0.5216064814814815 0.06380208333333333 0.5331805555555555 0.06640625 0.540125 0.1015625 0.540125 0.12630208333333334 0.49845833333333334 0.14322916666666666 0.48456944444444444 0.14973958333333334 0.4637361111111111 0.1484375 0.45216203703703706 0.11979166666666667 0.4452175925925926 0.10026041666666667 0.4544768518518519 0.08333333333333333 0.47993981481481485
0 0.0234375 0.4915138888888889 0.015625 0.5123472222222222 0.015625 0.5331805555555555 0.040364583333333336 0.5470694444444445 0.06510416666666667 0.5308657407407408 0.09765625 0.4544768518518519 0.07552083333333333 0.4452175925925926 0.059895833333333336 0.44984722222222223 0.041666666666666664 0.4637361111111111
0 0.06727473958333334 0.4074074074074074 0.06336848958333334 0.4351851851851852 0.09852473958333334 0.4351851851851852 0.11414973958333334 0.41203703703703703 0.12456640625 0.375 0.12066015625 0.3773148148148148 0.11414973958333334 0.36574074074074076 0.09722265625 0.3680555555555556 0.08029557291666667 0.3819444444444444
0 0.11197916666666667 0.3942893518518518 0.09895833333333333 0.4336412037037037 0.12630208333333334 0.43827083333333333 0.16015625 0.39660416666666665 0.16536458333333334 0.3688263888888889 0.14713541666666666 0.36188194444444444 0.12890625 0.3665115740740741
0 0.1796875 0.3888888888888889 0.1796875 0.39814814814814814 0.19270833333333334 0.4027777777777778 0.203125 0.4212962962962963 0.21223958333333334 0.41203703703703703 0.21354166666666666 0.3958333333333333 0.23046875 0.36574074074074076 0.22916666666666666 0.35185185185185186 0.22265625 0.3425925925925926 0.20182291666666666 0.3449074074074074
0 0.20833333333333334 0.3796273148148148 0.19661458333333334 0.4259236111111111 0.20963541666666666 0.4328680555555555 0.23177083333333334 0.43518287037037034 0.2421875 0.4259236111111111 0.2513020833333333 0.38888657407407407 0.24869791666666666 0.3657384259259259 0.23567708333333334 0.35879398148148145 0.21875 0.3611087962962963
0 0.25 0.33564814814814814 0.24479166666666666 0.36342592592592593 0.2799479166666667 0.36574074074074076 0.2903645833333333 0.3333333333333333 0.2903645833333333 0.3125 0.2643229166666667 0.3101851851851852
0 0.16796875 0.3333333333333333 0.16015625 0.3587962962962963 0.18489583333333334 0.3680555555555556 0.20703125 0.3402777777777778 0.21354166666666666 0.3194444444444444 0.20963541666666666 0.32175925925925924 0.203125 0.3101851851851852 0.18098958333333334 0.3101851851851852
0 0.21875 0.3125 0.21223958333333334 0.33796296296296297 0.22265625 0.3402777777777778 0.23828125 0.3611111111111111 0.2591145833333333 0.3055555555555556 0.2565104166666667 0.2962962962962963 0.24088541666666666 0.28935185185185186
0 0.4244791666666667 0.2962962962962963 0.4231770833333333 0.3101851851851852 0.4283854166666667 0.3194444444444444 0.421875 0.32407407407407407 0.4244791666666667 0.3287037037037037 0.4322916666666667 0.3148148148148148 0.44921875 0.3194444444444444 0.453125 0.3101851851851852 0.453125 0.25925925925925924 0.4322916666666667 0.2569444444444444
0 0.50390625 0.25925925925925924 0.4986979166666667 0.26157407407407407 0.5 0.3287037037037037 0.5130208333333334 0.32407407407407407 0.5299479166666666 0.33101851851851855 0.5325520833333334 0.3263888888888889 0.5221354166666666 0.2662037037037037
0 0.54296875 0.2662037037037037 0.5338541666666666 0.2708333333333333 0.5390625 0.3194444444444444 0.54296875 0.32407407407407407 0.5559895833333334 0.3125 0.56640625 0.31712962962962965 0.5572916666666666 0.2662037037037037
0 0.3880208333333333 0.28935185185185186 0.38671875 0.2986111111111111 0.3932291666666667 0.30787037037037035 0.38671875 0.3125 0.41015625 0.3148148148148148 0.41796875 0.2847222222222222 0.41796875 0.25925925925925924 0.4140625 0.2662037037037037 0.3971354166666667 0.26157407407407407
0 0.3502604166666667 0.28703703703703703 0.34765625 0.3101851851851852 0.3606770833333333 0.30787037037037035 0.37109375 0.32407407407407407 0.3815104166666667 0.28703703703703703 0.3815104166666667 0.26851851851851855 0.359375 0.2662037037037037
0 0.7139752604166666 0.4359560185185185 0.71137109375 0.4567893518518518 0.71918359375 0.48919675925925926 0.7400169270833333 0.5285486111111111 0.7556419270833333 0.5354930555555556 0.76215234375 0.5216041666666666 0.7881940104166666 0.516974537037037 0.7673606770833333 0.45447453703703705 0.7556419270833333 0.4359560185185185 0.7335065104166666 0.4359560185185185 0.7256940104166666 0.44521527777777775
0 0.7513020833333334 0.5300902777777777 0.7565104166666666 0.5740717592592592 0.7708333333333334 0.6180532407407408 0.7994791666666666 0.6689791666666667 0.8151041666666666 0.6666643518518519 0.8268229166666666 0.6504606481481482 0.8489583333333334 0.6481458333333334 0.8489583333333334 0.6365717592592594 0.8333333333333334 0.5925902777777777 0.8059895833333334 0.5347199074074074 0.7721354166666666 0.5208310185185185
0 0.8059895833333334 0.6589490740740741 0.80078125 0.6890416666666667 0.81640625 0.7168194444444445 0.82421875 0.7538564814814814 0.8346354166666666 0.772375 0.8528645833333334 0.8302453703703704 0.859375 0.8279305555555555 0.859375 0.8371898148148148 0.8893229166666666 0.8695972222222222 0.9075520833333334 0.871912037037037 0.9140625 0.8533935185185185 0.93359375 0.8510787037037036 0.93359375 0.7955231481481482 0.9127604166666666 0.7422824074074074 0.8815104166666666 0.684412037037037 0.8606770833333334 0.6728379629629629 0.8502604166666666 0.6543194444444445
0 0.68793359375 0.6790162037037036 0.6853294270833333 0.7577199074074074 0.6905377604166666 0.7692939814814814 0.70355859375 0.7692939814814814 0.71137109375 0.7831828703703704 0.7256940104166666 0.8271643518518518 0.7243919270833333 0.8456828703703704 0.7322044270833333 0.8804050925925926 0.7686627604166666 0.8804050925925926 0.7790794270833333 0.8688310185185185 0.8103294270833333 0.861886574074074 0.80902734375 0.8317939814814814 0.77777734375 0.7415162037037036 0.75824609375 0.699849537037037 0.7413190104166666 0.6929050925925926 0.7400169270833333 0.6813310185185185 0.7296002604166666 0.6697569444444444 0.69965234375 0.6697569444444444
0 0.6497395833333334 0.540125 0.6484375 0.5979953703703704 0.65234375 0.6072546296296296 0.66015625 0.6072546296296296 0.671875 0.6350324074074074 0.6744791666666666 0.6743842592592593 0.6809895833333334 0.6859583333333333 0.69921875 0.676699074074074 0.703125 0.6628101851851852 0.7161458333333334 0.6535509259259259 0.73828125 0.6535509259259259 0.7395833333333334 0.6419768518518518 0.703125 0.5447546296296296 0.6848958333333334 0.5285509259259259 0.6549479166666666 0.5308657407407408
0 0.6223958333333334 0.4529328703703704 0.6223958333333334 0.49922916666666667 0.6393229166666666 0.531636574074074 0.64453125 0.5547847222222222 0.6549479166666666 0.5524699074074074 0.6640625 0.5293217592592593 0.6927083333333334 0.5246921296296296 0.6666666666666666 0.4459884259259259 0.65234375 0.43672916666666667 0.6328125 0.43672916666666667 0.625 0.4390439814814815
0 0.6046002604166667 0.38349074074074074 0.6176210937500001 0.4436759259259259 0.6189231770833333 0.46219444444444446 0.6280377604166667 0.46219444444444446 0.6358502604166667 0.4390462962962963 0.6605898437500001 0.4367314814814815 0.6501731770833333 0.39275 0.6397565104166667 0.3719166666666667 0.6176210937500001 0.36960185185185185
0 0.7118059895833334 0.3510787037037037 0.69097265625 0.36033796296296294 0.68316015625 0.3510787037037037 0.68316015625 0.36033796296296294 0.6896705729166667 0.36033796296296294 0.68706640625 0.3927453703703704 0.6935768229166667 0.4135787037037037 0.71050390625 0.4320972222222222 0.7248268229166667 0.4205231481481481 0.7430559895833334 0.4205231481481481 0.7443580729166667 0.4112638888888889 0.7313372395833334 0.371912037037037 0.72222265625 0.35570833333333335
0 0.7664934895833334 0.42669675925925926 0.7625872395833334 0.4290115740740741 0.76519140625 0.442900462962963 0.79253515625 0.5146597222222222 0.80816015625 0.5285486111111111 0.84722265625 0.516974537037037 0.82769140625 0.4637337962962963 0.81206640625 0.43827083333333333 0.7912330729166667 0.42669675925925926
0 0.8229166666666666 0.43595833333333334 0.8229166666666666 0.4452175925925926 0.8307291666666666 0.44984722222222223 0.8385416666666666 0.47993981481481485 0.8580729166666666 0.5216064814814815 0.8723958333333334 0.5308657407407408 0.8815104166666666 0.5216064814814815 0.9075520833333334 0.5192916666666667 0.8723958333333334 0.4452175925925926 0.8372395833333334 0.43595833333333334 0.830078125 0.43595833333333334 0.828125 0.4452175925925926
0 0.8962669270833333 0.43287037037037035 0.8884544270833333 0.4398148148148148 0.87543359375 0.4375 0.91449609375 0.5185185185185185 0.9444440104166666 0.5231481481481481 0.9678815104166666 0.5138888888888888 0.92621484375 0.4398148148148148
0 0.8146705729166667 0.5239166666666667 0.8133684895833334 0.5331759259259259 0.8602434895833334 0.6489166666666667 0.8927955729166667 0.6581759259259259 0.9227434895833334 0.644287037037037 0.9201393229166667 0.6234537037037037 0.8771705729166667 0.5378055555555555 0.85112890625 0.5308611111111111 0.8459205729166667 0.519287037037037
0 0.7356770833333334 0.36574074074074076 0.7330729166666666 0.3680555555555556 0.7526041666666666 0.42592592592592593 0.7669270833333334 0.4305555555555556 0.7955729166666666 0.4236111111111111 0.7734375 0.36342592592592593 0.75390625 0.3587962962962963
0 0.7912330729166667 0.3564791666666667 0.7834205729166667 0.3657384259259259 0.8016497395833334 0.41666435185185186 0.8107643229166667 0.4236087962962963 0.8485247395833334 0.4189791666666667 0.8224830729166667 0.3611087962962963
0 0.5889752604166667 0.3202199074074074 0.5902773437500001 0.35725694444444445 0.6006940104166667 0.3919791666666667 0.6072044270833333 0.3919791666666667 0.6176210937500001 0.3688310185185185 0.6358502604166667 0.36651620370370375 0.6215273437500001 0.3179050925925926 0.6072044270833333 0.31096064814814817
0 0.6940104166666666 0.3125 0.6953125 0.35185185185185186 0.7083333333333334 0.36342592592592593 0.7161458333333334 0.3541666666666667 0.7408854166666666 0.3541666666666667 0.7239583333333334 0.3055555555555556 0.7083333333333334 0.30092592592592593
0 0.7330729166666666 0.3055555555555556 0.73046875 0.3148148148148148 0.7447916666666666 0.3541666666666667 0.7708333333333334 0.3587962962962963 0.78515625 0.35185185185185186 0.7643229166666666 0.3055555555555556
0 0.7734375 0.3055555555555556 0.7708333333333334 0.3125 0.7864583333333334 0.35185185185185186 0.8229166666666666 0.3541666666666667 0.8033854166666666 0.3055555555555556
0 0.8138020833333334 0.30787037037037035 0.8177083333333334 0.33564814814814814 0.8255208333333334 0.35185185185185186 0.8645833333333334 0.3541666666666667 0.84375 0.3055555555555556
0 0.7421875 0.8726851851851852 0.7369791666666666 0.9120370370370371 0.7408854166666666 0.9768518518518519 0.7473958333333334 0.9976851851851852 0.8396263020833333 0.9976851851851852 0.837890625 0.9814328703703703 0.83355078125 0.9629074074074074 0.82421875 0.9097222222222222 0.8059895833333334 0.8703703703703703 0.79296875 0.8634259259259259 0.75 0.8634259259259259
0 0.8845481770833333 0.5254629629629629 0.87933984375 0.5277777777777778 0.87933984375 0.5370370370370371 0.89496484375 0.5532407407407407 0.9314231770833333 0.6365740740740741 0.9314231770833333 0.6527777777777778 0.96137109375 0.6620370370370371 0.9915364583333334 0.6526296296296296 0.95746484375 0.5532407407407407 0.9131940104166666 0.5254629629629629
0 0.005208333333333333 0.3819444444444444 0 0.4074074074074074 0.015625 0.4166666666666667 0.044270833333333336 0.40046296296296297 0.055989583333333336 0.3680555555555556 0.046875 0.3541666666666667 0.033854166666666664 0.35185185185185186 0.015625 0.36342592592592593
0 0.015625 0.41898148148148145 0 0.44675925925925924 0.0026041666666666665 0.4861111111111111 0.02734375 0.4513888888888889 0.059895833333333336 0.42824074074074076 0.059895833333333336 0.4166666666666667 0.046875 0.4027777777777778
0 0.049479166666666664 0.39351851851851855 0.049479166666666664 0.4027777777777778 0.06380208333333333 0.4166666666666667 0.08203125 0.3819444444444444 0.09765625 0.3680555555555556 0.08463541666666667 0.3541666666666667 0.0703125 0.35648148148148145
0 0.12239583333333333 0.3402777777777778 0.1171875 0.3611111111111111 0.13541666666666666 0.37037037037037035 0.15755208333333334 0.3587962962962963 0.16536458333333334 0.33101851851851855 0.16145833333333334 0.3148148148148148 0.14322916666666666 0.3101851851851852 0.13411458333333334 0.3148148148148148
0 0.08984375 0.3425925925925926 0.08854166666666667 0.35185185185185186 0.09895833333333333 0.36342592592592593 0.11458333333333333 0.3611111111111111 0.12760416666666666 0.3194444444444444 0.12109375 0.3125 0.10416666666666667 0.3148148148148148
0 0.0546875 0.3263888888888889 0.046875 0.34953703703703703 0.059895833333333336 0.36574074074074076 0.0859375 0.35185185185185186 0.09505208333333333 0.3333333333333333 0.09505208333333333 0.3194444444444444 0.08463541666666667 0.3101851851851852 0.0703125 0.3101851851851852
0 0.09765625 0.5578703703703703 0.09244791666666667 0.5787037037037037 0.09505208333333333 0.5879629629629629 0.11197916666666667 0.5949074074074074 0.11848958333333333 0.6064814814814815 0.12890625 0.6041666666666666 0.13932291666666666 0.5740740740740741 0.16536458333333334 0.5324074074074074 0.16796875 0.5162037037037037 0.1640625 0.49074074074074076 0.1484375 0.4837962962962963 0.13411458333333334 0.48842592592592593 0.10677083333333333 0.5324074074074074
