0 0.32923046875 0.3620185185185185 0.32792838541666663 0.3921111111111111 0.33183463541666663 0.4083148148148148 0.4125638020833333 0.48238888888888887 0.43860546875 0.48933333333333334 0.4516263020833333 0.4592407407407407 0.4555325520833333 0.4245185185185185 0.4477200520833333 0.4083148148148148 0.42298046875 0.380537037037037 0.3930325520833333 0.3597037037037037 0.38391796875 0.3411851851851852 0.37610546875 0.34349999999999997 0.3500638020833333 0.3272962962962963 0.34094921875 0.3342407407407407
0 0.5088385416666666 0.3372777777777778 0.5075364583333334 0.3789444444444445 0.514046875 0.39051851851851854 0.5778489583333334 0.4437592592592593 0.6208177083333334 0.4645925925925926 0.631234375 0.46690740740740744 0.6377447916666666 0.45996296296296296 0.654671875 0.39051851851851854 0.6455572916666666 0.37662962962962965 0.568734375 0.32107407407407407 0.5622239583333334 0.3095 0.525765625 0.3025555555555556
0 0.4812578125 0.4957337962962963 0.4812578125 0.5281412037037038 0.5072994791666666 0.562863425925926 0.5177161458333334 0.5651782407407407 0.5932369791666666 0.6369374999999999 0.6010494791666666 0.6299930555555555 0.6010494791666666 0.5952708333333333 0.6088619791666666 0.5559189814814816 0.5398515625 0.48184490740740743 0.5372473958333334 0.47027083333333336 0.4994869791666667 0.45406712962962964 0.4838619791666667 0.4795300925925926
0 0.4263736979166666 0.6094259259259259 0.42767578125 0.6487777777777778 0.4602278645833333 0.6858148148148148 0.46673828125 0.6835 0.5110091145833333 0.7251666666666666 0.5435611979166667 0.7413703703703703 0.5591861979166667 0.7043333333333334 0.5617903645833333 0.6765555555555556 0.5461653645833333 0.6510925925925926 0.5331445312499999 0.6510925925925926 0.5201236979166667 0.6279444444444444 0.48626953125 0.5978518518518519 0.4419986979166666 0.5747037037037037
0 0.28638020833333333 0.4892592592592593 0.285078125 0.505462962962963 0.29158854166666665 0.5170370370370371 0.34106770833333333 0.5563888888888889 0.35408854166666665 0.5772222222222223 0.39315104166666665 0.6026851851851852 0.40877604166666665 0.5957407407407408 0.42049479166666665 0.5587037037037037 0.42049479166666665 0.5378703703703704 0.413984375 0.5216666666666667 0.386640625 0.5008333333333334 0.378828125 0.48694444444444446 0.308515625 0.4406481481481482 0.29809895833333333 0.4475925925925926
0 0.34891796875 0.204 0.34761588541666666 0.23177777777777778 0.35803255208333334 0.2502962962962963 0.40230338541666666 0.2942777777777778 0.44527213541666666 0.32437037037037036 0.45568880208333334 0.32437037037037036 0.47391796875 0.30122222222222217 0.47782421875 0.25955555555555554 0.46219921875 0.2340925925925926 0.41792838541666666 0.19011111111111112 0.38798046875 0.16927777777777778 0.36454296875 0.16464814814814815
0 0.22376171874999998 0.7828287037037037 0.21985546874999998 0.8059768518518519 0.22636588541666666 0.829125 0.29016796875 0.8869953703703705 0.3227200520833333 0.9031990740740741 0.3383450520833333 0.8939398148148149 0.34876171875 0.8707916666666667 0.3500638020833333 0.8383842592592593 0.34094921875 0.8106064814814815 0.32141796875 0.8013472222222222 0.2719388020833333 0.7527361111111112 0.24329296874999998 0.7457916666666667
0 0.2588385416666667 0.6392060185185185 0.260140625 0.6785578703703704 0.283578125 0.7155949074074074 0.2939947916666667 0.7155949074074074 0.353890625 0.7642060185185185 0.36691145833333333 0.7642060185185185 0.3799322916666667 0.7294837962962963 0.381234375 0.7017060185185185 0.365609375 0.6692986111111111 0.2979010416666667 0.6137430555555555 0.2861822916666667 0.6067986111111111 0.271859375 0.6114282407407408
0 0.3619791666666667 0.9010578703703703 0.3707786458333333 0.9421412037037037 0.3932291666666667 0.9936782407407407 0.4615690104166667 0.9976851851851852 0.4973958333333333 0.9921342592592592 0.4983828125 0.9722337962962962 0.4983828125 0.9444560185185185 0.4866640625 0.9143634259259259 0.4762473958333333 0.9166782407407408 0.4489036458333333 0.9027893518518518 0.4111432291666666 0.8564930555555555 0.3890078125 0.8634375
0 0.40194921875 0.7565925925925926 0.40194921875 0.7936296296296297 0.42538671875 0.8190925925925926 0.42929296875 0.8376111111111112 0.43710546875 0.8306666666666667 0.4930950520833333 0.8792777777777778 0.5225690104166667 0.8902523148148148 0.5364583333333334 0.8547476851851852 0.5407981770833333 0.8130694444444444 0.5139283854166666 0.7797407407407407 0.5022096354166666 0.777425925925926 0.4618450520833333 0.7427037037037038 0.4436158854166667 0.7172407407407407 0.4266888020833333 0.7126111111111112 0.4162721354166667 0.7195555555555556
0 0.86292578125 0.6515393518518517 0.8616236979166666 0.6723726851851851 0.8720403645833333 0.6885763888888888 0.9462591145833333 0.7649652777777777 0.9709986979166666 0.774224537037037 0.98792578125 0.7441319444444444 0.9905299479166666 0.7140393518518517 0.9866236979166666 0.6978356481481481 0.9631861979166666 0.6677430555555555 0.9540716145833333 0.6677430555555555 0.8954778645833333 0.6075578703703703 0.8798528645833333 0.6075578703703703
0 0.8092643229166666 0.7813009259259259 0.8092643229166666 0.8183379629629629 0.8704622395833334 0.8692638888888888 0.8756705729166666 0.8831527777777778 0.9147330729166666 0.8993564814814815 0.9290559895833334 0.8762083333333334 0.93166015625 0.841486111111111 0.91994140625 0.8137083333333334 0.85353515625 0.7581527777777778 0.8287955729166666 0.7442638888888888 0.8170768229166666 0.7581527777777778
0 0.6903802083333334 0.526699074074074 0.689078125 0.5683657407407408 0.7073072916666666 0.5915138888888889 0.7307447916666666 0.5984583333333333 0.7424635416666666 0.5753101851851852 0.767203125 0.48271759259259256 0.775015625 0.47808796296296296 0.7737135416666666 0.4595694444444444 0.7854322916666666 0.41327314814814814 0.7802239583333334 0.38549537037037035 0.7619947916666666 0.3623472222222222 0.7385572916666666 0.36697685185185186
0 0.6011289062499999 0.06558333333333334 0.6011289062499999 0.09336111111111112 0.6115455729166667 0.11882407407407408 0.6258684895833333 0.1234537037037037 0.69097265625 0.18132407407407405 0.73003515625 0.16743518518518516 0.7365455729166667 0.13039814814814815 0.7443580729166667 0.11419444444444445 0.73394140625 0.09567592592592593 0.7235247395833334 0.10030555555555555 0.6519101562499999 0.03780555555555556 0.6284726562499999 0.026231481481481484 0.6102434895833333 0.03549074074074074
0 0.7682291666666666 0.6210416666666667 0.7591145833333334 0.6580787037037038 0.7482643229166667 0.6866018518518519 0.7942708333333334 0.729824074074074 0.8229166666666666 0.6326157407407408 0.8385416666666666 0.5978935185185186 0.8372395833333334 0.5840046296296296 0.84765625 0.5377083333333333 0.84375 0.5076157407407407 0.8216145833333334 0.4844675925925926 0.8059895833333334 0.491412037037037
0 0.17057291666666666 0.9212962962962963 0.16927083333333334 0.9351851851851852 0.17838541666666666 0.9513888888888888 0.2265625 0.9976851851851852 0.3020833333333333 0.9976851851851852 0.3059895833333333 0.9907407407407407 0.3046875 0.9537037037037037 0.2942708333333333 0.9375 0.234375 0.8912037037037037 0.22265625 0.8726851851851852 0.18880208333333334 0.8657407407407407
0 0.7825520833333334 0.9166666666666666 0.7799479166666666 0.9351851851851852 0.78515625 0.9537037037037037 0.8203125 0.9976851851851852 0.91015625 0.9953703703703703 0.8958333333333334 0.9629629629629629 0.8111979166666666 0.8842592592592593 0.7955729166666666 0.8819444444444444
0 0.92578125 0.37037037037037035 0.9205729166666666 0.4050925925925926 0.9270833333333334 0.4236111111111111 0.9986979166666666 0.4837962962962963 0.9986979166666666 0.3726851851851852 0.953125 0.33796296296296297 0.9388020833333334 0.3402777777777778
0 0.8984375 0.5277777777777778 0.8971354166666666 0.5416666666666666 0.921875 0.5694444444444444 0.9986979166666666 0.6180555555555556 0.9986979166666666 0.5254629629629629 0.9231770833333334 0.47453703703703703 0.9088541666666666 0.4837962962962963
