0 0.71484375 0.8842592592592593 0.7096354166666666 0.9004629629629629 0.7096354166666666 0.9236111111111112 0.7161458333333334 0.9976851851851852 0.8125 0.9976851851851852 0.7864583333333334 0.9074074074074074 0.7734375 0.8796296296296297
0 0.6653645833333334 0.6805555555555556 0.6614583333333334 0.6944444444444444 0.6640625 0.7430555555555556 0.68359375 0.8194444444444444 0.69140625 0.8842592592592593 0.7096354166666666 0.8935185185185185 0.7161458333333334 0.875 0.7565104166666666 0.8726851851851852 0.7604166666666666 0.8449074074074074 0.7473958333333334 0.8009259259259259 0.7486979166666666 0.7893518518518519 0.7135416666666666 0.6805555555555556
0 0.6380208333333334 0.5439814814814815 0.6328125 0.5486111111111112 0.6328125 0.5879629629629629 0.6510416666666666 0.6875 0.6575520833333334 0.6944444444444444 0.6653645833333334 0.6759259259259259 0.7018229166666666 0.6712962962962963 0.7018229166666666 0.6481481481481481 0.6783854166666666 0.5555555555555556 0.6666666666666666 0.5416666666666666
0 0.6106770833333334 0.4513888888888889 0.6119791666666666 0.5 0.6263020833333334 0.5601851851851852 0.6302083333333334 0.5601851851851852 0.6354166666666666 0.5416666666666666 0.6653645833333334 0.5370370370370371 0.65625 0.48148148148148145 0.6419270833333334 0.4444444444444444
0 0.59375 0.3773148148148148 0.5950520833333334 0.41203703703703703 0.6041666666666666 0.46064814814814814 0.6119791666666666 0.4444444444444444 0.6393229166666666 0.4398148148148148 0.6328125 0.40046296296296297 0.62109375 0.37037037037037035 0.6028645833333334 0.3680555555555556
0 0.5807291666666666 0.3194444444444444 0.578125 0.33101851851851855 0.5872395833333334 0.37962962962962965 0.5950520833333334 0.3680555555555556 0.6171875 0.36574074074074076 0.6158854166666666 0.3472222222222222 0.6041666666666666 0.3148148148148148 0.5885416666666666 0.3125
0 0.5703125 0.27314814814814814 0.5755208333333334 0.3194444444444444 0.6028645833333334 0.3101851851851852 0.5924479166666666 0.2662037037037037 0.5846354166666666 0.26157407407407407
0 0.5611979166666666 0.22916666666666666 0.5598958333333334 0.24305555555555555 0.56640625 0.2662037037037037 0.5885416666666666 0.2569444444444444 0.5807291666666666 0.22685185185185186
0 0.62109375 0.8888888888888888 0.6184895833333334 0.9282407407407407 0.6263020833333334 0.9976851851851852 0.7057291666666666 0.9976851851851852 0.6966145833333334 0.9351851851851852 0.6809895833333334 0.8819444444444444 0.62890625 0.8819444444444444
0 0.5911458333333334 0.6944444444444444 0.59375 0.7731481481481481 0.6041666666666666 0.8217592592592593 0.6080729166666666 0.8842592592592593 0.6158854166666666 0.8935185185185185 0.625 0.8796296296296297 0.6744791666666666 0.8726851851851852 0.6744791666666666 0.8449074074074074 0.6432291666666666 0.6875 0.63671875 0.6782407407407407 0.59765625 0.6782407407407407
0 0.5729166666666666 0.5486111111111112 0.5729166666666666 0.5995370370370371 0.5807291666666666 0.6342592592592593 0.5846354166666666 0.6898148148148148 0.5885416666666666 0.6944444444444444 0.5950520833333334 0.6759259259259259 0.6354166666666666 0.6736111111111112 0.63671875 0.6550925925925926 0.6158854166666666 0.5509259259259259 0.609375 0.5416666666666666
0 0.5533854166666666 0.375 0.5494791666666666 0.4074074074074074 0.5546875 0.44907407407407407 0.5572916666666666 0.4537037037037037 0.5651041666666666 0.44212962962962965 0.5911458333333334 0.44212962962962965 0.578125 0.3726851851851852
0 0.5572916666666666 0.3101851851851852 0.5403645833333334 0.3194444444444444 0.54296875 0.36342592592592593 0.5494791666666666 0.375 0.546875 0.38425925925925924 0.5520833333333334 0.37037037037037035 0.57421875 0.36574074074074076 0.5677083333333334 0.31712962962962965
0 0.5598958333333334 0.4513888888888889 0.55859375 0.49537037037037035 0.5690104166666666 0.5509259259259259 0.5768229166666666 0.5416666666666666 0.6080729166666666 0.5393518518518519 0.609375 0.5254629629629629 0.59375 0.44907407407407407 0.5677083333333334 0.4444444444444444
0 0.50390625 0.375 0.50390625 0.44212962962962965 0.5403645833333334 0.44212962962962965 0.5325520833333334 0.37037037037037035 0.5143229166666666 0.3680555555555556
0 0.5078125 0.44907407407407407 0.5078125 0.5532407407407407 0.5221354166666666 0.5393518518518519 0.5494791666666666 0.5393518518518519 0.54296875 0.4513888888888889
0 0.5169270833333334 0.5486111111111112 0.5182291666666666 0.5601851851851852 0.51171875 0.5833333333333334 0.5169270833333334 0.6828703703703703 0.5247395833333334 0.6736111111111112 0.56640625 0.6712962962962963 0.5533854166666666 0.5509259259259259 0.5494791666666666 0.5439814814814815
0 0.5182291666666666 0.6898148148148148 0.5182291666666666 0.7592592592592593 0.5234375 0.8055555555555556 0.51953125 0.8680555555555556 0.5221354166666666 0.8842592592592593 0.5872395833333334 0.8796296296296297 0.5885416666666666 0.8472222222222222 0.5677083333333334 0.6805555555555556 0.5234375 0.6782407407407407
0 0.5260416666666666 0.9027777777777778 0.52734375 0.9976851851851852 0.6015625 0.9953703703703703 0.5950520833333334 0.9097222222222222 0.5872395833333334 0.8842592592592593 0.5364583333333334 0.8842592592592593 0.5299479166666666 0.8865740740740741
0 0.4296875 0.9537037037037037 0.4296875 0.9976851851851852 0.5013020833333334 0.9976851851851852 0.4986979166666667 0.8912037037037037 0.4375 0.8888888888888888
0 0.3307291666666667 0.9629629629629629 0.3268229166666667 0.9976851851851852 0.40625 0.9976851851851852 0.4075520833333333 0.9050925925925926 0.3958333333333333 0.8935185185185185 0.34765625 0.8958333333333334 0.3372395833333333 0.9212962962962963
0 0.24869791666666666 0.8935185185185185 0.22395833333333334 0.9976851851851852 0.3138020833333333 0.9976851851851852 0.3138020833333333 0.9444444444444444 0.3190104166666667 0.9189814814814815 0.3138020833333333 0.8773148148148148 0.2578125 0.875
0 0.11588541666666667 0.9884259259259259 0.11328125 0.9976851851851852 0.21614583333333334 0.9953703703703703 0.22265625 0.9212962962962963 0.21614583333333334 0.8888888888888888 0.15494791666666666 0.8888888888888888
0 0.014322916666666666 0.9768518518518519 0.010416666666666666 0.9976851851851852 0.10677083333333333 0.9976851851851852 0.12369791666666667 0.9583333333333334 0.12760416666666666 0.8958333333333334 0.12369791666666667 0.8888888888888888 0.10546875 0.8865740740740741 0.061197916666666664 0.8888888888888888
0 0.024739583333333332 0.7662037037037037 0.010416666666666666 0.8194444444444444 0 0.8379629629629629 0 0.875 0.037760416666666664 0.8958333333333334 0.08072916666666667 0.8796296296296297 0.08333333333333333 0.8472222222222222 0.09895833333333333 0.7916666666666666 0.1328125 0.6990740740740741 0.12369791666666667 0.6805555555555556 0.11067708333333333 0.6782407407407407 0.11458333333333333 0.6875 0.10807291666666667 0.7037037037037037 0.06770833333333333 0.6990740740740741 0.055989583333333336 0.7060185185185185
0 0.09114583333333333 0.8310185185185185 0.0859375 0.8518518518518519 0.08984375 0.8796296296296297 0.12630208333333334 0.8842592592592593 0.13151041666666666 0.8912037037037037 0.16145833333333334 0.8796296296296297 0.16796875 0.8564814814814815 0.16536458333333334 0.8495370370370371 0.17317708333333334 0.8402777777777778 0.19140625 0.7569444444444444 0.203125 0.7245370370370371 0.203125 0.6828703703703703 0.18402734375 0.6782407407407407 0.1796875 0.6851851851851852 0.17578125 0.6759259259259259 0.171875 0.6828703703703703 0.16666666666666666 0.6759259259259259 0.16015625 0.6851851851851852 0.16015625 0.6759259259259259 0.14973958333333334 0.6851851851851852 0.15364583333333334 0.6967592592592593 0.13671875 0.7060185185185185 0.12369791666666667 0.7314814814814815
0 0.17447916666666666 0.8495370370370371 0.17447916666666666 0.8703703703703703 0.18229166666666666 0.8819444444444444 0.21484375 0.8819444444444444 0.22265625 0.8912037037037037 0.24739583333333334 0.8819444444444444 0.2526041666666667 0.8680555555555556 0.25 0.8217592592592593 0.2591145833333333 0.7870370370370371 0.2734375 0.7708333333333334 0.27734375 0.7569444444444444 0.2760416666666667 0.6805555555555556 0.22395833333333334 0.6805555555555556 0.20442708333333334 0.7291666666666666
0 0.2669270833333333 0.8287037037037037 0.265625 0.8587962962962963 0.2721354166666667 0.8726851851851852 0.3111979166666667 0.8703703703703703 0.3216145833333333 0.8796296296296297 0.3346354166666667 0.8657407407407407 0.33984375 0.7916666666666666 0.3515625 0.75 0.3541666666666667 0.6805555555555556 0.3489583333333333 0.6689814814814815 0.3072916666666667 0.6666666666666666 0.3020833333333333 0.6736111111111112
0 0.3684895833333333 0.7013888888888888 0.36328125 0.7638888888888888 0.3489583333333333 0.8495370370370371 0.3489583333333333 0.8888888888888888 0.4114583333333333 0.8958333333333334 0.4153645833333333 0.8888888888888888 0.4244791666666667 0.6944444444444444 0.4192708333333333 0.6805555555555556 0.3776041666666667 0.6805555555555556
0 0.44140625 0.7361111111111112 0.4427083333333333 0.7592592592592593 0.4348958333333333 0.7916666666666666 0.4388020833333333 0.8055555555555556 0.4361979166666667 0.8703703703703703 0.4440104166666667 0.8796296296296297 0.49609375 0.8773148148148148 0.5 0.8611111111111112 0.4973958333333333 0.8078703703703703 0.5013020833333334 0.7893518518518519 0.4921875 0.6875 0.44921875 0.6875
0 0.44921875 0.5810185185185185 0.4466145833333333 0.6759259259259259 0.4947916666666667 0.6851851851851852 0.4986979166666667 0.6527777777777778 0.4934895833333333 0.5509259259259259 0.4596354166666667 0.5439814814814815 0.4518229166666667 0.5532407407407407
0 0.453125 0.48842592592592593 0.453125 0.5439814814814815 0.4869791666666667 0.5439814814814815 0.4947916666666667 0.5532407407407407 0.4934895833333333 0.4652777777777778 0.4895833333333333 0.44907407407407407 0.4596354166666667 0.44675925925925924
0 0.3971354166666667 0.5069444444444444 0.3971354166666667 0.5393518518518519 0.4348958333333333 0.5439814814814815 0.4388020833333333 0.5324074074074074 0.4388020833333333 0.44907407407407407 0.4075520833333333 0.44675925925925924
0 0.37890625 0.6319444444444444 0.375 0.6597222222222222 0.37890625 0.6759259259259259 0.4166666666666667 0.6759259259259259 0.42578125 0.6851851851851852 0.4348958333333333 0.6064814814814815 0.4348958333333333 0.5486111111111112 0.3971354166666667 0.5439814814814815 0.3893229166666667 0.5601851851851852
0 0.3125 0.6365740740740741 0.3111979166666667 0.6504629629629629 0.3203125 0.6620370370370371 0.3502604166666667 0.6643518518518519 0.3606770833333333 0.6759259259259259 0.3736979166666667 0.5925925925925926 0.3736979166666667 0.5324074074074074 0.3372395833333333 0.5300925925925926
0 0.33984375 0.5069444444444444 0.3385416666666667 0.5254629629629629 0.3723958333333333 0.5277777777777778 0.3802083333333333 0.5393518518518519 0.390625 0.44907407407407407 0.3880208333333333 0.4375 0.3580729166666667 0.4351851851851852
0 0.4127604166666667 0.38657407407407407 0.4075520833333333 0.44212962962962965 0.44140625 0.4444444444444444 0.4453125 0.375 0.4401041666666667 0.3680555555555556 0.4166666666666667 0.3680555555555556
0 0.4583333333333333 0.39351851851851855 0.4583333333333333 0.4444444444444444 0.4921875 0.44212962962962965 0.48828125 0.3773148148148148 0.4635416666666667 0.37037037037037035
0 0.23828125 0.6481481481481481 0.23697916666666666 0.6712962962962963 0.2721354166666667 0.6712962962962963 0.2799479166666667 0.6898148148148148 0.2916666666666667 0.6851851851851852 0.2955729166666667 0.6481481481481481 0.3125 0.5995370370370371 0.3111979166666667 0.5439814814814815 0.3033854166666667 0.5370370370370371 0.2734375 0.5370370370370371 0.2513020833333333 0.5925925925925926
0 0.16927083333333334 0.6481481481481481 0.16927083333333334 0.6689814814814815 0.20052083333333334 0.6712962962962963 0.20963541666666666 0.6898148148148148 0.23177083333333334 0.6712962962962963 0.2552083333333333 0.5740740740740741 0.2513020833333333 0.5393518518518519 0.20963541666666666 0.5416666666666666 0.1953125 0.5648148148148148
0 0.11197916666666667 0.6018518518518519 0.109375 0.6273148148148148 0.09895833333333333 0.6481481481481481 0.09765625 0.6643518518518519 0.12890625 0.6712962962962963 0.1328125 0.6828703703703703 0.14453125 0.6851851851851852 0.1640625 0.6689814814814815 0.16536458333333334 0.6504629629629629 0.19401041666666666 0.5601851851851852 0.19270833333333334 0.5439814814814815 0.18359375 0.5347222222222222 0.15364583333333334 0.5370370370370371 0.13020833333333334 0.5625
0 0.014322916666666666 0.6504629629629629 0 0.6805555555555556 0 0.7430555555555556 0.022135416666666668 0.7662037037037037 0.052083333333333336 0.7037037037037037 0.08854166666666667 0.6643518518518519 0.09765625 0.6180555555555556 0.0859375 0.5972222222222222 0.05859375 0.5925925925925926
0 0.07161458333333333 0.5787037037037037 0.0703125 0.5879629629629629 0.09114583333333333 0.5949074074074074 0.10546875 0.6111111111111112 0.12890625 0.5601851851851852 0.1484375 0.5370370370370371 0.15234375 0.5208333333333334 0.14973958333333334 0.4976851851851852 0.14453125 0.4861111111111111 0.11588541666666667 0.49074074074074076 0.08333333333333333 0.5439814814814815
0 0.16536458333333334 0.5185185185185185 0.16666666666666666 0.5324074074074074 0.19010416666666666 0.5324074074074074 0.20182291666666666 0.5462962962962963 0.21614583333333334 0.5277777777777778 0.22526041666666666 0.5023148148148148 0.23307291666666666 0.4513888888888889 0.21223958333333334 0.4444444444444444 0.19270833333333334 0.44907407407407407 0.1796875 0.4699074074074074
0 0.2903645833333333 0.4722222222222222 0.2786458333333333 0.5324074074074074 0.3111979166666667 0.5347222222222222 0.3138020833333333 0.5486111111111112 0.3203125 0.5532407407407407 0.3307291666666667 0.5185185185185185 0.3346354166666667 0.46296296296296297 0.3072916666666667 0.4398148148148148
0 0.22265625 0.5115740740740741 0.22265625 0.5324074074074074 0.2513020833333333 0.5347222222222222 0.2578125 0.5578703703703703 0.26171875 0.5578703703703703 0.2734375 0.5324074074074074 0.2838541666666667 0.49074074074074076 0.2864583333333333 0.44907407407407407 0.2565104166666667 0.4444444444444444 0.24348958333333334 0.4513888888888889
0 0.3138020833333333 0.4074074074074074 0.30859375 0.4351851851851852 0.328125 0.44212962962962965 0.328125 0.44907407407407407 0.3359375 0.4398148148148148 0.3411458333333333 0.4583333333333333 0.3528645833333333 0.4166666666666667 0.3567708333333333 0.375 0.3528645833333333 0.3680555555555556 0.3307291666666667 0.36574074074074076 0.3203125 0.3819444444444444
0 0.3619791666666667 0.41203703703703703 0.3606770833333333 0.4305555555555556 0.38671875 0.43287037037037035 0.3932291666666667 0.44212962962962965 0.4010416666666667 0.39814814814814814 0.3958333333333333 0.37962962962962965 0.3736979166666667 0.37962962962962965
0 0.5026041666666666 0.3194444444444444 0.5013020833333334 0.35185185185185186 0.5052083333333334 0.3726851851851852 0.5325520833333334 0.3680555555555556 0.5286458333333334 0.31712962962962965
0 0.46484375 0.2638888888888889 0.4622395833333333 0.33101851851851855 0.4895833333333333 0.33101851851851855 0.4869791666666667 0.2569444444444444
0 0.4609375 0.3402777777777778 0.4609375 0.36574074074074076 0.4908854166666667 0.3726851851851852 0.4869791666666667 0.31712962962962965 0.4635416666666667 0.3125
0 0.41796875 0.34953703703703703 0.41796875 0.36574074074074076 0.4388020833333333 0.36574074074074076 0.4453125 0.3726851851851852 0.44921875 0.3611111111111111 0.44921875 0.3194444444444444 0.4361979166666667 0.3148148148148148 0.4244791666666667 0.32175925925925924
0 0.3802083333333333 0.3333333333333333 0.375 0.35648148148148145 0.3763020833333333 0.3726851851851852 0.4036458333333333 0.37962962962962965 0.41015625 0.3587962962962963 0.41015625 0.31712962962962965 0.3854166666666667 0.3148148148148148
0 0.3333333333333333 0.3425925925925926 0.3307291666666667 0.36342592592592593 0.3619791666666667 0.375 0.3723958333333333 0.3194444444444444 0.3658854166666667 0.30787037037037035 0.3489583333333333 0.3055555555555556
0 0.2903645833333333 0.3425925925925926 0.2877604166666667 0.36342592592592593 0.31640625 0.375 0.3294270833333333 0.3541666666666667 0.3294270833333333 0.31712962962962965 0.3098958333333333 0.3055555555555556 0.2942708333333333 0.3263888888888889
0 0.2604166666666667 0.42824074074074076 0.2591145833333333 0.4351851851851852 0.2643229166666667 0.4398148148148148 0.2838541666666667 0.4398148148148148 0.2955729166666667 0.44907407407407407 0.3098958333333333 0.41203703703703703 0.3138020833333333 0.3773148148148148 0.296875 0.3680555555555556 0.27734375 0.3726851851851852
0 0.13671875 0.4652777777777778 0.13541666666666666 0.47685185185185186 0.14583333333333334 0.4837962962962963 0.16145833333333334 0.5115740740740741 0.17708333333333334 0.4699074074074074 0.19791666666666666 0.4398148148148148 0.19921875 0.4236111111111111 0.19140625 0.4050925925925926 0.17057291666666666 0.4027777777777778 0.14322916666666666 0.44212962962962965
0 0.0546875 0.5138888888888888 0.05078125 0.5254629629629629 0.053385416666666664 0.5324074074074074 0.08854166666666667 0.5324074074074074 0.11328125 0.49074074074074076 0.13020833333333334 0.47685185185185186 0.13671875 0.45601851851851855 0.13541666666666666 0.4444444444444444 0.10677083333333333 0.4375 0.08723958333333333 0.44675925925925924 0.0703125 0.4722222222222222
0 0.010416666666666666 0.5532407407407407 0 0.5648148148148148 0 0.6759259259259259 0.013020833333333334 0.6574074074074074 0.015625 0.6435185185185185 0.046875 0.5995370370370371 0.06510416666666667 0.5879629629629629 0.07682291666666667 0.5601851851851852 0.07161458333333333 0.5393518518518519 0.053385416666666664 0.5347222222222222
0 0.0078125 0.4837962962962963 0 0.5046296296296297 0 0.5254629629629629 0.024739583333333332 0.5393518518518519 0.049479166666666664 0.5231481481481481 0.08203125 0.44675925925925924 0.059895833333333336 0.4375 0.044270833333333336 0.44212962962962965 0.026041666666666668 0.45601851851851855
0 0.07161458333333333 0.4074074074074074 0.06770833333333333 0.4351851851851852 0.10286458333333333 0.4351851851851852 0.11848958333333333 0.41203703703703703 0.12890625 0.375 0.125 0.3773148148148148 0.11848958333333333 0.36574074074074076 0.1015625 0.3680555555555556 0.08463541666666667 0.3819444444444444
0 0.125 0.3958333333333333 0.11197916666666667 0.4351851851851852 0.13932291666666666 0.4398148148148148 0.17317708333333334 0.39814814814814814 0.17838541666666666 0.37037037037037035 0.16015625 0.36342592592592593 0.14192708333333334 0.3680555555555556
0 0.1796875 0.3888888888888889 0.1796875 0.39814814814814814 0.19270833333333334 0.4027777777777778 0.203125 0.4212962962962963 0.21223958333333334 0.41203703703703703 0.21354166666666666 0.3958333333333333 0.23046875 0.36574074074074076 0.22916666666666666 0.35185185185185186 0.22265625 0.3425925925925926 0.20182291666666666 0.3449074074074074
0 0.22135416666666666 0.3888888888888889 0.20963541666666666 0.4351851851851852 0.22265625 0.44212962962962965 0.24479166666666666 0.4444444444444444 0.2552083333333333 0.4351851851851852 0.2643229166666667 0.39814814814814814 0.26171875 0.375 0.24869791666666666 0.3680555555555556 0.23177083333333334 0.37037037037037035
0 0.25 0.33564814814814814 0.24479166666666666 0.36342592592592593 0.2799479166666667 0.36574074074074076 0.2903645833333333 0.3333333333333333 0.2903645833333333 0.3125 0.2643229166666667 0.3101851851851852
0 0.16796875 0.3333333333333333 0.16015625 0.3587962962962963 0.18489583333333334 0.3680555555555556 0.20703125 0.3402777777777778 0.21354166666666666 0.3194444444444444 0.20963541666666666 0.32175925925925924 0.203125 0.3101851851851852 0.18098958333333334 0.3101851851851852
0 0.21875 0.3125 0.21223958333333334 0.33796296296296297 0.22265625 0.3402777777777778 0.23828125 0.3611111111111111 0.2591145833333333 0.3055555555555556 0.2565104166666667 0.2962962962962963 0.24088541666666666 0.28935185185185186
0 0.4244791666666667 0.2962962962962963 0.4231770833333333 0.3101851851851852 0.4283854166666667 0.3194444444444444 0.421875 0.32407407407407407 0.4244791666666667 0.3287037037037037 0.4322916666666667 0.3148148148148148 0.44921875 0.3194444444444444 0.453125 0.3101851851851852 0.453125 0.25925925925925924 0.4322916666666667 0.2569444444444444
0 0.50390625 0.25925925925925924 0.4986979166666667 0.26157407407407407 0.5 0.3287037037037037 0.5130208333333334 0.32407407407407407 0.5299479166666666 0.33101851851851855 0.5325520833333334 0.3263888888888889 0.5221354166666666 0.2662037037037037
0 0.54296875 0.2662037037037037 0.5338541666666666 0.2708333333333333 0.5390625 0.3194444444444444 0.54296875 0.32407407407407407 0.5559895833333334 0.3125 0.56640625 0.31712962962962965 0.5572916666666666 0.2662037037037037
0 0.3880208333333333 0.28935185185185186 0.38671875 0.2986111111111111 0.3932291666666667 0.30787037037037035 0.38671875 0.3125 0.41015625 0.3148148148148148 0.41796875 0.2847222222222222 0.41796875 0.25925925925925924 0.4140625 0.2662037037037037 0.3971354166666667 0.26157407407407407
0 0.3502604166666667 0.28703703703703703 0.34765625 0.3101851851851852 0.3606770833333333 0.30787037037037035 0.37109375 0.32407407407407407 0.3815104166666667 0.28703703703703703 0.3815104166666667 0.26851851851851855 0.359375 0.2662037037037037
0 0.75390625 0.4375 0.7513020833333334 0.4583333333333333 0.7591145833333334 0.49074074074074076 0.7799479166666666 0.5300925925925926 0.7955729166666666 0.5370370370370371 0.8020833333333334 0.5231481481481481 0.828125 0.5185185185185185 0.8072916666666666 0.45601851851851855 0.7955729166666666 0.4375 0.7734375 0.4375 0.765625 0.44675925925925924
0 0.80078125 0.5347222222222222 0.8059895833333334 0.5787037037037037 0.8203125 0.6226851851851852 0.8489583333333334 0.6736111111111112 0.8645833333333334 0.6712962962962963 0.8763020833333334 0.6550925925925926 0.8984375 0.6527777777777778 0.8984375 0.6412037037037037 0.8828125 0.5972222222222222 0.85546875 0.5393518518518519 0.8216145833333334 0.5254629629629629
0 0.87109375 0.6666666666666666 0.8658854166666666 0.6967592592592593 0.8815104166666666 0.7245370370370371 0.8893229166666666 0.7615740740740741 0.8997395833333334 0.7800925925925926 0.91796875 0.8379629629629629 0.9244791666666666 0.8356481481481481 0.9244791666666666 0.8449074074074074 0.9544270833333334 0.8773148148148148 0.97265625 0.8796296296296297 0.9791666666666666 0.8611111111111112 0.9986979166666666 0.8587962962962963 0.9986979166666666 0.8032407407407407 0.9778645833333334 0.75 0.9466145833333334 0.6921296296296297 0.92578125 0.6805555555555556 0.9153645833333334 0.6620370370370371
0 0.7877604166666666 0.6666666666666666 0.78515625 0.7453703703703703 0.7903645833333334 0.7569444444444444 0.8033854166666666 0.7569444444444444 0.8111979166666666 0.7708333333333334 0.8255208333333334 0.8148148148148148 0.82421875 0.8333333333333334 0.83203125 0.8680555555555556 0.8684895833333334 0.8680555555555556 0.87890625 0.8564814814814815 0.91015625 0.8495370370370371 0.9088541666666666 0.8194444444444444 0.8776041666666666 0.7291666666666666 0.8580729166666666 0.6875 0.8411458333333334 0.6805555555555556 0.83984375 0.6689814814814815 0.8294270833333334 0.6574074074074074 0.7994791666666666 0.6574074074074074
0 0.7330729166666666 0.5370370370370371 0.7317708333333334 0.5949074074074074 0.7356770833333334 0.6041666666666666 0.7434895833333334 0.6041666666666666 0.7552083333333334 0.6319444444444444 0.7578125 0.6712962962962963 0.7643229166666666 0.6828703703703703 0.7825520833333334 0.6736111111111112 0.7864583333333334 0.6597222222222222 0.7994791666666666 0.6504629629629629 0.8216145833333334 0.6504629629629629 0.8229166666666666 0.6388888888888888 0.7864583333333334 0.5416666666666666 0.7682291666666666 0.5254629629629629 0.73828125 0.5277777777777778
0 0.6953125 0.44675925925925924 0.6953125 0.4930555555555556 0.7122395833333334 0.5254629629629629 0.7174479166666666 0.5486111111111112 0.7278645833333334 0.5462962962962963 0.7369791666666666 0.5231481481481481 0.765625 0.5185185185185185 0.7395833333333334 0.4398148148148148 0.7252604166666666 0.4305555555555556 0.7057291666666666 0.4305555555555556 0.6979166666666666 0.43287037037037035
0 0.66796875 0.3726851851851852 0.66796875 0.4074074074074074 0.6809895833333334 0.43287037037037035 0.6822916666666666 0.4513888888888889 0.69140625 0.4513888888888889 0.69921875 0.42824074074074076 0.7239583333333334 0.42592592592592593 0.7135416666666666 0.3819444444444444 0.703125 0.3611111111111111 0.6809895833333334 0.3587962962962963
0 0.7447916666666666 0.3587962962962963 0.7239583333333334 0.3680555555555556 0.7161458333333334 0.3587962962962963 0.7161458333333334 0.3680555555555556 0.72265625 0.3680555555555556 0.7200520833333334 0.40046296296296297 0.7265625 0.4212962962962963 0.7434895833333334 0.4398148148148148 0.7578125 0.42824074074074076 0.7760416666666666 0.42824074074074076 0.77734375 0.41898148148148145 0.7643229166666666 0.37962962962962965 0.7552083333333334 0.36342592592592593
0 0.8046875 0.42824074074074076 0.80078125 0.4305555555555556 0.8033854166666666 0.4444444444444444 0.8307291666666666 0.5162037037037037 0.8463541666666666 0.5300925925925926 0.8854166666666666 0.5185185185185185 0.8658854166666666 0.4652777777777778 0.8502604166666666 0.4398148148148148 0.8294270833333334 0.42824074074074076
0 0.8541666666666666 0.43287037037037035 0.8541666666666666 0.44212962962962965 0.8619791666666666 0.44675925925925924 0.8697916666666666 0.47685185185185186 0.8893229166666666 0.5185185185185185 0.9036458333333334 0.5277777777777778 0.9127604166666666 0.5185185185185185 0.9388020833333334 0.5162037037037037 0.9036458333333334 0.44212962962962965 0.8684895833333334 0.43287037037037035 0.861328125 0.43287037037037035 0.859375 0.44212962962962965
0 0.92578125 0.43287037037037035 0.91796875 0.4398148148148148 0.9049479166666666 0.4375 0.9440104166666666 0.5185185185185185 0.9739583333333334 0.5231481481481481 0.9973958333333334 0.5138888888888888 0.9557291666666666 0.4398148148148148
0 0.8580729166666666 0.5300925925925926 0.8567708333333334 0.5393518518518519 0.9036458333333334 0.6550925925925926 0.9361979166666666 0.6643518518518519 0.9661458333333334 0.6504629629629629 0.9635416666666666 0.6296296296296297 0.9205729166666666 0.5439814814814815 0.89453125 0.5370370370370371 0.8893229166666666 0.5254629629629629
0 0.7643229166666666 0.36574074074074076 0.76171875 0.3680555555555556 0.78125 0.42592592592592593 0.7955729166666666 0.4305555555555556 0.82421875 0.4236111111111111 0.8020833333333334 0.36342592592592593 0.7825520833333334 0.3587962962962963
0 0.81640625 0.3611111111111111 0.80859375 0.37037037037037035 0.8268229166666666 0.4212962962962963 0.8359375 0.42824074074074076 0.8736979166666666 0.4236111111111111 0.84765625 0.36574074074074076
0 0.64453125 0.30787037037037035 0.6458333333333334 0.3449074074074074 0.65625 0.37962962962962965 0.6627604166666666 0.37962962962962965 0.6731770833333334 0.35648148148148145 0.69140625 0.3541666666666667 0.6770833333333334 0.3055555555555556 0.6627604166666666 0.2986111111111111
0 0.6940104166666666 0.3125 0.6953125 0.35185185185185186 0.7083333333333334 0.36342592592592593 0.7161458333333334 0.3541666666666667 0.7408854166666666 0.3541666666666667 0.7239583333333334 0.3055555555555556 0.7083333333333334 0.30092592592592593
0 0.7330729166666666 0.3055555555555556 0.73046875 0.3148148148148148 0.7447916666666666 0.3541666666666667 0.7708333333333334 0.3587962962962963 0.78515625 0.35185185185185186 0.7643229166666666 0.3055555555555556
0 0.7734375 0.3055555555555556 0.7708333333333334 0.3125 0.7864583333333334 0.35185185185185186 0.8229166666666666 0.3541666666666667 0.8033854166666666 0.3055555555555556
0 0.8138020833333334 0.30787037037037035 0.8177083333333334 0.33564814814814814 0.8255208333333334 0.35185185185185186 0.8645833333333334 0.3541666666666667 0.84375 0.3055555555555556
0 0.875 0.8680555555555556 0.8697916666666666 0.9074074074074074 0.8736979166666666 0.9722222222222222 0.8802083333333334 0.9930555555555556 0.9986979166666666 0.9976851851851852 0.9986979166666666 0.9629629629629629 0.9778645833333334 0.9212962962962963 0.95703125 0.9050925925925926 0.9388020833333334 0.8657407407407407 0.92578125 0.8587962962962963 0.8828125 0.8587962962962963
0 0.921875 0.5254629629629629 0.9166666666666666 0.5277777777777778 0.9166666666666666 0.5370370370370371 0.9322916666666666 0.5532407407407407 0.96875 0.6365740740740741 0.96875 0.6527777777777778 0.9986979166666666 0.6620370370370371 0.9986979166666666 0.5625 0.9947916666666666 0.5532407407407407 0.9505208333333334 0.5254629629629629
0 0.005208333333333333 0.3819444444444444 0 0.4074074074074074 0.015625 0.4166666666666667 0.044270833333333336 0.40046296296296297 0.055989583333333336 0.3680555555555556 0.046875 0.3541666666666667 0.033854166666666664 0.35185185185185186 0.015625 0.36342592592592593
0 0.015625 0.41898148148148145 0 0.44675925925925924 0.0026041666666666665 0.4861111111111111 0.02734375 0.4513888888888889 0.059895833333333336 0.42824074074074076 0.059895833333333336 0.4166666666666667 0.046875 0.4027777777777778
0 0.049479166666666664 0.39351851851851855 0.049479166666666664 0.4027777777777778 0.06380208333333333 0.4166666666666667 0.08203125 0.3819444444444444 0.09765625 0.3680555555555556 0.08463541666666667 0.3541666666666667 0.0703125 0.35648148148148145
0 0.12239583333333333 0.3402777777777778 0.1171875 0.3611111111111111 0.13541666666666666 0.37037037037037035 0.15755208333333334 0.3587962962962963 0.16536458333333334 0.33101851851851855 0.16145833333333334 0.3148148148148148 0.14322916666666666 0.3101851851851852 0.13411458333333334 0.3148148148148148
0 0.08984375 0.3425925925925926 0.08854166666666667 0.35185185185185186 0.09895833333333333 0.36342592592592593 0.11458333333333333 0.3611111111111111 0.12760416666666666 0.3194444444444444 0.12109375 0.3125 0.10416666666666667 0.3148148148148148
0 0.0546875 0.3263888888888889 0.046875 0.34953703703703703 0.059895833333333336 0.36574074074074076 0.0859375 0.35185185185185186 0.09505208333333333 0.3333333333333333 0.09505208333333333 0.3194444444444444 0.08463541666666667 0.3101851851851852 0.0703125 0.3101851851851852
