0 0.3101315104166667 0.6839166666666666 0.2734375 0.8578819444444444 0.3321484375 0.8696574074074074 0.35771744791666665 0.6829074074074074
0 0.39725390625 0.5270393518518519 0.44957421875000003 0.5298055555555555 0.4415247395833333 0.6859143518518519 0.3837591145833333 0.6724537037037037
0 0.4493372395833333 0.6783402777777778 0.5014205729166666 0.6850694444444444 0.5165716145833333 0.8828171296296297 0.4505208333333333 0.876386574074074
0 0.5258046875 0.6809143518518518 0.5807291666666666 0.6825972222222222 0.5987213541666666 0.8777592592592592 0.5390625 0.8794421296296296
0 0.5977747395833334 0.6813981481481481 0.6640625 0.6792291666666667 0.68868359375 0.8828055555555556 0.6157669270833334 0.8828055555555556
0 0.31060546875 0.4456805555555555 0.3458802083333334 0.4487384259259259 0.3222057291666667 0.5463194444444445 0.2890625 0.5227662037037037
0 0.16311588541666666 0.6589930555555555 0.2133046875 0.6741828703703704 0.16216927083333335 0.8693472222222222 0.09493359375 0.8793935185185185
0 0.10250911458333334 0.5311296296296296 0.14228255208333332 0.5395416666666667 0.09280338541666666 0.6636203703703705 0.042613281249999996 0.6535254629629629 0.07788802083333334 0.5513657407407407
0 0.71519921875 0.5521921296296296 0.7138971354166667 0.5683958333333333 0.72691796875 0.6193217592592594 0.7529596354166667 0.6818217592592594 0.7998346354166667 0.6656180555555556 0.77769921875 0.5799699074074074 0.75816796875 0.5452476851851852 0.7399388020833334 0.5406180555555555
0 0.5218984375 0.5536597222222223 0.5245026041666666 0.6231041666666667 0.5349192708333333 0.6717152777777777 0.5336171875 0.6902337962962962 0.5401276041666666 0.7018078703703703 0.5453359375 0.6856041666666667 0.5560130208333333 0.6786597222222222 0.5870026041666666 0.6763449074074074 0.5661692708333333 0.5629189814814816 0.5531484375 0.5467152777777778
0 0.6156484375 0.3653356481481481 0.6264205729166666 0.36372222222222217 0.6122161458333334 0.3603587962962963 0.6008528645833333 0.37381712962962965 0.6112695312499999 0.4562569444444445 0.6548294270833334 0.446162037037037 0.6442942708333333 0.3722800925925926 0.6234609375 0.3583912037037037
0 0.6490286458333333 0.3811087962962963 0.6490286458333333 0.4042569444444445 0.6659557291666667 0.45055324074074077 0.6750703124999999 0.4320347222222222 0.6985078124999999 0.4320347222222222 0.6880911458333333 0.38573842592592594 0.6763723958333333 0.3625902777777778 0.6568411458333333 0.3625902777777778
0 0.3665950520833334 0.7714675925925926 0.36919921875 0.8015601851851852 0.3639908854166667 0.8686898148148148 0.42779296875 0.8733194444444444 0.4264908854166667 0.7876712962962963 0.4303971354166667 0.778412037037037 0.43169921875 0.7135972222222222 0.4303971354166667 0.6811898148148148 0.4264908854166667 0.6719305555555556 0.38091796875 0.6742453703703704 0.37310546875 0.7529490740740741
0 0.4204557291666667 0.941087962962963 0.06154947916666667 0.11782407407407407
0 0.5186979166666666 0.9463194444444445 0.06393229166666667 0.10733796296296295
0 0.613046875 0.949212962962963 0.07977864583333334 0.10155092592592592
0 0.7146093750000001 0.9351851851851852 0.09824218750000001 0.1161574074074074
0 0.8105989583333333 0.9462962962962963 0.1051171875 0.10740740740740741
0 0.3176953125 0.9400231481481481 0.07954427083333333 0.1199537037037037
0 0.22430989583333336 0.9406944444444444 0.07884114583333333 0.11796296296296296
0 0.07729557291666667 0.7221736111111111 0.07729557291666667 0.7360625 0.11245182291666667 0.7383773148148148 0.11635807291666667 0.7568958333333333 0.12547265625 0.7545810185185184 0.12937890625 0.7337476851851852 0.16453515625 0.648099537037037 0.16453515625 0.6156921296296296 0.17376822916666668 0.5972708333333334 0.13115494791666668 0.5838101851851851 0.11635807291666667 0.6180069444444444 0.09943098958333334 0.648099537037037
0 0.23697916666666666 0.4905625 0.2265625 0.5345439814814815 0.2513020833333333 0.5414884259259259 0.2578125 0.5553773148148148 0.2721354166666667 0.5530625 0.2747395833333333 0.5206550925925926 0.2825520833333333 0.5090810185185185 0.2877604166666667 0.48361805555555554 0.2890625 0.453525462962963 0.2825520833333333 0.43732175925925926 0.2604166666666667 0.43500694444444443
0 0.7470403645833333 0.6851851851851852 0.7444361979166666 0.7152777777777778 0.7483424479166666 0.7407407407407407 0.7756861979166666 0.8148148148148148 0.77698828125 0.8402777777777778 0.7834986979166666 0.8472222222222222 0.7900091145833333 0.8796296296296297 0.8147486979166666 0.8958333333333334 0.8251653645833333 0.875 0.8564153645833333 0.8726851851851852 0.86292578125 0.8634259259259259 0.86292578125 0.8495370370370371 0.8290716145833333 0.7430555555555556 0.79651953125 0.6805555555555556 0.75355078125 0.6782407407407407
0 0.6728216145833333 0.6898148148148148 0.67151953125 0.7361111111111112 0.68323828125 0.7574143518518518 0.6897486979166666 0.7870370370370371 0.7053736979166666 0.8796296296296297 0.7249049479166666 0.8935185185185185 0.7314153645833333 0.8796296296296297 0.7405299479166666 0.875 0.7704778645833333 0.875 0.7782903645833333 0.8472222222222222 0.7678736979166666 0.8217592592592593 0.7444361979166666 0.7291666666666666 0.72230078125 0.6805555555555556 0.68714453125 0.6759259259259259 0.6767278645833333 0.6805555555555556
0 0.005208333333333333 0.3541666666666667 0 0.3541666666666667 0 0.39351851851851855 0.0078125 0.3888888888888889 0.016927083333333332 0.3680555555555556 0.014322916666666666 0.3587962962962963
0 0.8044505208333333 0.5340902777777777 0.8031484375 0.5989050925925925 0.8122630208333333 0.6081643518518518 0.8200755208333333 0.605849537037037 0.8357005208333333 0.6313124999999999 0.8487213541666666 0.6799236111111111 0.8552317708333333 0.6845532407407406 0.8825755208333333 0.6752939814814815 0.8903880208333333 0.6590902777777777 0.9125234375 0.6521458333333333 0.9125234375 0.6359421296296296 0.9125234375 0.6732916666666667 0.90198828125 0.6237222222222222 0.8868359375 0.5732476851851852 0.8383046875 0.5271458333333333
0 0.7576940104166666 0.4335023148148148 0.7576940104166666 0.48905787037037035 0.76680859375 0.4960023148148148 0.78633984375 0.530724537037037 0.7889440104166666 0.5446134259259259 0.8071731770833334 0.5446134259259259 0.81758984375 0.5214652777777777 0.8423294270833334 0.5168356481481481 0.84102734375 0.5075763888888889 0.82496875 0.5214652777777777 0.83516796875 0.4971597222222222 0.8071731770833334 0.4381319444444444 0.7876419270833334 0.4288726851851852
0 0.7200520833333334 0.3627916666666667 0.71875 0.40908796296296296 0.7369791666666666 0.4299212962962963 0.7447916666666666 0.45306944444444447 0.7591145833333334 0.45075462962962964 0.765625 0.4299212962962963 0.7864583333333334 0.4276064814814815 0.7864583333333334 0.42066203703703703 0.7740885416666666 0.4299212962962963 0.7825520833333334 0.4114027777777778 0.7604166666666666 0.3627916666666667
0 0.690578125 0.30808564814814815 0.6918802083333334 0.3358634259259259 0.706203125 0.359011574074074 0.7088072916666667 0.3729004629629629 0.7205260416666667 0.3682708333333333 0.725734375 0.3497523148148148 0.745265625 0.34743749999999995 0.7348489583333334 0.31271527777777774 0.7231302083333334 0.296511574074074 0.7035989583333334 0.29419675925925926
0 0.8161692708333333 0.30513888888888885 0.8135651041666666 0.3074537037037037 0.8174713541666666 0.33291666666666664 0.8265859375 0.34912037037037036 0.8591380208333333 0.35375 0.8630442708333333 0.33291666666666664 0.8695546875 0.34912037037037036 0.8487213541666666 0.30050925925925925 0.8278880208333333 0.29819444444444443
0 0.7666901041666666 0.3587962962962963 0.7771067708333333 0.4027777777777778 0.7875234375 0.4236111111111111 0.8083567708333333 0.4351851851851852 0.8291901041666666 0.4305555555555556 0.8330963541666666 0.4097222222222222 0.8396067708333333 0.42592592592592593 0.8148671875 0.3680555555555556 0.7901276041666666 0.3587962962962963 0.7745026041666666 0.36574074074074076
0 0.9021080729166666 0.4318194444444444 0.9021080729166666 0.4457083333333333 0.91512890625 0.4433935185185185 0.91122265625 0.4642268518518518 0.9333580729166666 0.5151527777777778 0.9528893229166666 0.5313564814814815 0.99017578125 0.5151527777777778 0.98934765625 0.5035787037037037 0.96981640625 0.5220972222222222 0.9841393229166666 0.4943194444444444 0.9554934895833332 0.44107870370370367 0.94247265625 0.43413425925925925 0.9164309895833332 0.44107870370370367
0 0.8678971354166666 0.36574074074074076 0.8639908854166666 0.3726851851851852 0.8665950520833333 0.38657407407407407 0.8874283854166666 0.42824074074074076 0.9056575520833333 0.42592592592592593 0.9095638020833333 0.3819444444444444 0.91607421875 0.40046296296296297 0.91216796875 0.42592592592592593 0.9173763020833333 0.41898148148148145 0.9264908854166666 0.4236111111111111 0.9030533854166666 0.37037037037037035 0.8939388020833333 0.36342592592592593
0 0.8647018229166666 0.29819444444444443 0.8594934895833334 0.31902777777777774 0.85428515625 0.3028240740740741 0.8712122395833334 0.34912037037037036 0.90311328125 0.3514351851851852 0.9037643229166666 0.33523148148148146 0.9115768229166666 0.34912037037037036 0.8907434895833334 0.30513888888888885
0 0.9114583333333334 0.9351851851851852 0.90625 0.9467592592592593 0.9088541666666666 0.9513888888888888 0.9140625 0.9444444444444444 0.9114583333333334 0.9560185185185185 0.9244791666666666 0.9976851851851852 0.9713541666666666 0.9976851851851852 0.94140625 0.9351851851851852
0 0.8841145833333334 0.8752152777777779 0.8776041666666666 0.9076226851851852 0.8880208333333334 0.9654930555555556 0.8984375 0.9909560185185186 0.9986979166666666 0.9909560185185186 0.9791666666666666 0.9377152777777779 0.9453125 0.8752152777777779
0 0.02414713541666667 0.491587962962963 0.00899609375 0.5151435185185185 0 0.5755300925925926 0.028645833333333332 0.5593263888888889 0.05634505208333334 0.5319675925925926 0.06770833333333333 0.4852523148148148 0.07161458333333333 0.4667337962962963 0.078125 0.46803472222222225 0.04308723958333333 0.4697175925925926
0 0.020005208333333333 0.45767824074074076 0.020005208333333333 0.4669375 0.042140624999999994 0.46925231481481483 0.05516145833333333 0.4900856481481482 0.077296875 0.4484189814814815 0.096828125 0.4275856481481482 0.09813020833333334 0.3998078703703704 0.09031770833333334 0.4345300925925926 0.085109375 0.3974930555555556 0.05125520833333333 0.40212268518518524 0.02521354166666667 0.4484189814814815 0.030421875 0.4669375
0 0.075046875 0.3768611111111111 0.06593229166666667 0.4046388888888889 0.08546354166666666 0.4069537037037037 0.090671875 0.4208425925925926 0.09588020833333333 0.4208425925925926 0.12061979166666666 0.39769444444444446 0.12973437499999999 0.36760185185185185 0.12713020833333333 0.3560277777777778 0.10499479166666666 0.3513981481481481 0.08936979166666666 0.3560277777777778
0 0.7265625 0.2638888888888889 0.72265625 0.2708333333333333 0.72265625 0.29398148148148145 0.7356770833333334 0.3101851851851852 0.7395833333333334 0.3263888888888889 0.7434895833333334 0.3287037037037037 0.7565104166666666 0.30324074074074076 0.7682291666666666 0.2986111111111111 0.7591145833333334 0.30092592592592593 0.7630208333333334 0.2847222222222222 0.75390625 0.26157407407407407 0.7369791666666666 0.2569444444444444
0 0.00390625 0.3541666666666667 0 0.3541666666666667 0 0.39351851851851855 0.0078125 0.3888888888888889 0.016927083333333332 0.3680555555555556 0.015625 0.3611111111111111
0 0.013020833333333334 0.2687569444444444 0 0.29190509259259256 0 0.30810879629629634 0.014322916666666666 0.31273842592592593 0.01953125 0.3219976851851852 0.036458333333333336 0.31505324074074076 0.0625 0.2826458333333333 0.061197916666666664 0.27107175925925925 0.048177083333333336 0.25718287037037035 0.0234375 0.2594976851851852
0 0.053859374999999994 0.2523148148148148 0.052557291666666665 0.25925925925925924 0.07208854166666666 0.2777777777777778 0.09552604166666667 0.2569444444444444 0.09813020833333334 0.24074074074074073 0.085109375 0.22685185185185186 0.077296875 0.22685185185185186 0.065578125 0.23148148148148148
0 0.08499088541666666 0.21169907407407407 0.07978255208333333 0.23021759259259258 0.09410546874999999 0.2487361111111111 0.11103255208333333 0.23716203703703703 0.11624088541666666 0.22558796296296293 0.10973046874999999 0.20706944444444442
0 0.11221614583333334 0.19486342592592593 0.11091406250000001 0.20412268518518517 0.12263281250000001 0.2249560185185185 0.14346614583333334 0.20875231481481482 0.14346614583333334 0.1925486111111111 0.1382578125 0.18328935185185186 0.12133072916666666 0.18328935185185186
0 0.12665755208333332 0.5098912037037037 0.12275130208333333 0.5237800925925926 0.12535546875 0.530724537037037 0.13056380208333332 0.5029467592592592 0.13251692708333332 0.530724537037037 0.15400130208333332 0.530724537037037 0.16311588541666666 0.5376689814814815 0.18655338541666666 0.4983171296296296 0.19827213541666666 0.45665046296296297 0.19697005208333332 0.44276157407407407 0.17092838541666666 0.4358171296296296 0.15790755208333332 0.44276157407407407 0.13707421875 0.4774837962962963
0 0.15932682291666667 0.5357361111111111 0.14630598958333332 0.586662037037037 0.17364973958333332 0.5912916666666667 0.18406640625 0.6098101851851851 0.20489973958333332 0.5542546296296296 0.21401432291666667 0.5056435185185185 0.18406640625 0.4963842592592592 0.16974348958333332 0.5102731481481482
0 0.20004687499999999 0.7681018518518519 0.19744270833333333 0.8028240740740741 0.18832812499999999 0.8352314814814815 0.18963020833333333 0.8630092592592592 0.22999479166666667 0.8676388888888888 0.24171354166666667 0.8768981481481481 0.2560364583333333 0.8745833333333333 0.266453125 0.7796759259259259 0.2794739583333333 0.7565277777777778 0.2833802083333333 0.7380092592592592 0.28077604166666664 0.6731944444444444 0.266453125 0.6639351851851851 0.23259895833333333 0.6708796296296297 0.21957812499999999 0.6986574074074073
0 0.9077890625 0.3627939814814815 0.9038828125 0.36973842592592593 0.9077890625 0.39057175925925924 0.9299244791666667 0.4276087962962963 0.9702890625 0.4299236111111111 0.9702890625 0.41834953703703703 0.9442473958333334 0.37205324074074075 0.9338307291666667 0.3627939814814815
0 0.9008046875 0.3061875 0.9008046875 0.3270208333333333 0.9151276041666666 0.3524837962962963 0.9346588541666666 0.3547986111111111 0.9398671875 0.3270208333333333 0.9418203125 0.3547986111111111 0.9515859375 0.3524837962962963 0.9359609375 0.31544675925925925 0.9242421875 0.30155787037037035 0.9151276041666666 0.30155787037037035 0.9125234375 0.34553935185185186 0.9060130208333333 0.30155787037037035
0 0.7643229166666666 0.26157407407407407 0.7643229166666666 0.2800925925925926 0.7760416666666666 0.2962962962962963 0.7890625 0.3055555555555556 0.8098958333333334 0.2986111111111111 0.79296875 0.26157407407407407
0 0.20300651041666665 0.44252314814814814 0.19519401041666665 0.4749305555555555 0.23177083333333334 0.5029444444444444 0.24597526041666665 0.43557870370370366 0.24857942708333333 0.4057824074074074 0.22135416666666666 0.4019976851851852
0 0.4088541666666667 0.4473912037037037 0.4036458333333333 0.47516898148148146 0.4036458333333333 0.5330393518518518 0.4283854166666667 0.530724537037037 0.4427083333333333 0.5376689814814815 0.4453125 0.5469282407407408 0.4453125 0.44276157407407407 0.4192708333333333 0.44044675925925925
0 0.4669739583333334 0.4595856481481481 0.4669739583333334 0.5429189814814814 0.5047343750000001 0.5406041666666667 0.5060364583333333 0.5174560185185185 0.4982239583333334 0.4503263888888889 0.4747864583333334 0.44801157407407405
0 0.5150325520833333 0.44844212962962965 0.5137304687500001 0.4924236111111111 0.5189388020833333 0.5410347222222223 0.5593033854166667 0.5387199074074074 0.5566992187500001 0.4993680555555556 0.5462825520833333 0.4507569444444445 0.5410742187500001 0.4438125
0 0.5789531250000001 0.4473912037037037 0.5776510416666667 0.46822453703703704 0.5880677083333333 0.530724537037037 0.5997864583333333 0.5399837962962963 0.5893697916666667 0.5492430555555555 0.5906718750000001 0.5538726851851852 0.5958802083333333 0.5538726851851852 0.5971822916666667 0.5446134259259259 0.6049947916666667 0.5376689814814815 0.6336406250000001 0.5376689814814815 0.6271302083333333 0.4867430555555555 0.6128072916666667 0.44276157407407407
0 0.00426171875 0.5807569444444445 0 0.6245069444444444 0.006154947916666667 0.6867523148148149 0.057291666666666664 0.6026296296296296 0.06770833333333333 0.56225 0.08984375 0.5389467592592593 0.073390625 0.5386967592592593 0.05634505208333334 0.5353310185185185 0.046875 0.5250578703703703
0 0.6265390625 0.446974537037037 0.6278411458333334 0.4747523148148148 0.6356536458333334 0.5002152777777777 0.6395598958333334 0.5349375 0.6473723958333334 0.5511412037037037 0.6525807291666667 0.5511412037037037 0.6629973958333334 0.5303078703703703 0.6877369791666667 0.5279930555555555 0.6786223958333334 0.484011574074074 0.6629973958333334 0.44003009259259257 0.6317473958333334 0.43771527777777774
0 0.25284114583333334 0.6336273148148147 0.25284114583333334 0.6614050925925925 0.28929947916666665 0.6660347222222222 0.29841406249999997 0.6868680555555555 0.30232031249999997 0.6845532407407406 0.30622656249999997 0.6776087962962962 0.30492447916666665 0.6405717592592592 0.31013281249999997 0.6313124999999999 0.30752864583333334 0.6220532407407406 0.31403906249999997 0.6012199074074074 0.31924739583333334 0.5340902777777777 0.27758072916666665 0.5364050925925926
0 0.31936458333333334 0.6214189814814814 0.31545833333333334 0.6700300925925925 0.35061458333333334 0.6677152777777777 0.36493749999999997 0.6816041666666666 0.36884374999999997 0.6700300925925925 0.37405208333333334 0.540400462962963 0.33368749999999997 0.5380856481481482
0 0.4591614583333334 0.5492337962962963 0.4565572916666667 0.6186782407407407 0.4604635416666667 0.6834930555555556 0.4669739583333334 0.6742337962962963 0.5086406250000001 0.6742337962962963 0.5099427083333333 0.6580300925925926 0.5021302083333333 0.6001597222222222 0.5047343750000001 0.590900462962963 0.4982239583333334 0.5515486111111111 0.4917135416666667 0.5446041666666667
0 0.5975377604166666 0.5479791666666667 0.5962356770833334 0.5757569444444445 0.6157669270833334 0.6914976851851852 0.62227734375 0.6938124999999999 0.6313919270833334 0.6752939814814815 0.66915234375 0.6729791666666666 0.65743359375 0.6081643518518518 0.63790234375 0.5456643518518519
0 0.6587369791666667 0.5526087962962963 0.6574348958333334 0.5873310185185185 0.6847786458333333 0.6914976851851852 0.6951953125 0.6938124999999999 0.7017057291666666 0.6729791666666666 0.7368619791666666 0.6706643518518518 0.7212369791666666 0.5989050925925925 0.7017057291666666 0.5502939814814815 0.6951953125 0.543349537037037 0.6704557291666666 0.543349537037037
0 0.8177083333333334 0.26157407407407407 0.81640625 0.2777777777777778 0.8268229166666666 0.2962962962962963 0.859375 0.30092592592592593 0.8450520833333334 0.2638888888888889
0 0.18477734375 0.4229791666666667 0.18347526041666665 0.4368680555555556 0.20561067708333333 0.4414976851851852 0.21472526041666665 0.4507569444444445 0.23165234375 0.4276087962962963 0.24337109375 0.3743680555555556 0.23816276041666665 0.3674236111111111 0.21993359375 0.3651087962962963 0.20561067708333333 0.36973842592592593 0.19779817708333333 0.3813125
0 0.4180872395833333 0.39941203703703704 0.4180872395833333 0.4387638888888889 0.4454309895833333 0.43413425925925925 0.45194140625 0.44107870370370367 0.4506393229166667 0.3646898148148148 0.42459765625 0.3646898148148148
0 0.68323828125 0.22580092592592593 0.6819361979166666 0.2489490740740741 0.6962591145833333 0.27441203703703704 0.7196966145833333 0.2512638888888889 0.7118841145833333 0.22348611111111114 0.70667578125 0.21885648148148149 0.6936549479166666 0.2165416666666667
0 0.5546875 0.3958333333333333 0.55078125 0.41435185185185186 0.5533854166666666 0.4375 0.5572916666666666 0.4236111111111111 0.5625 0.42824074074074076 0.5611979166666666 0.4375 0.5846354166666666 0.4351851851851852 0.578125 0.42824074074074076 0.5833333333333334 0.4212962962962963 0.578125 0.39351851851851855 0.5670572916666666 0.3912037037037037 0.5768229166666666 0.42824074074074076 0.5625 0.43287037037037035 0.55859375 0.3912037037037037
0 0.5108906249999999 0.37857870370370367 0.5095885416666667 0.39941203703703704 0.5187031249999999 0.44107870370370367 0.5512552083333333 0.4364490740740741 0.5382343749999999 0.3646898148148148 0.5160989583333333 0.3693194444444444
0 0.15565755208333334 0.14583333333333334 0.15565755208333334 0.17824074074074073 0.17258463541666666 0.17592592592592593 0.18430338541666666 0.1574074074074074 0.18300130208333332 0.14583333333333334 0.17779296874999997 0.1412037037037037
0 0.5608424479166666 0.3693194444444444 0.5569361979166666 0.3762638888888889 0.55823828125 0.4179305555555555 0.56214453125 0.43413425925925925 0.5712591145833333 0.44107870370370367 0.5647486979166666 0.45496759259259256 0.5686549479166666 0.4457083333333333 0.58167578125 0.4387638888888889 0.5999049479166666 0.4387638888888889 0.58558203125 0.3693194444444444
0 0.3224427083333333 0.4050925925925926 0.321140625 0.4398148148148148 0.3471822916666667 0.4444444444444444 0.356296875 0.4351851851851852 0.364109375 0.38657407407407407 0.3615052083333334 0.375 0.3536927083333334 0.37037037037037035 0.3354635416666667 0.37037037037037035
0 0.2733190104166667 0.40299305555555553 0.2694127604166667 0.42382638888888885 0.2720169270833333 0.4354004629629629 0.3006627604166667 0.43308564814814815 0.3123815104166667 0.3729004629629629 0.3045690104166667 0.3636412037037037 0.2850377604166667 0.3659560185185185
0 0.4692239583333333 0.36616666666666664 0.4834283854166667 0.3670879629629629 0.49573828124999997 0.3687708333333333 0.5033138020833333 0.4327037037037037 0.46448828124999997 0.4310208333333333 0.4654361979166666 0.3755
0 0.8135651041666666 0.44191435185185185 0.8109609375 0.4488587962962963 0.8304921875 0.502099537037037 0.8422109375 0.5252476851851852 0.8565338541666666 0.5391365740740741 0.8721588541666666 0.5460810185185185 0.8786692708333333 0.5321921296296297 0.9021067708333333 0.5252476851851852 0.8838776041666666 0.4766365740740741 0.8682526041666666 0.45117361111111115 0.8578359375 0.4442291666666667
0 0.8732239583333333 0.5303078703703703 0.8732239583333333 0.5441967592592593 0.8979635416666666 0.6020671296296297 0.9174947916666666 0.6321597222222223 0.918796875 0.6437337962962963 0.9240052083333333 0.6414189814814816 0.9435364583333333 0.6622523148148148 0.961765625 0.6645671296296297 0.9721822916666666 0.6553078703703704 0.9721822916666666 0.5951226851851852 0.9396302083333333 0.5395671296296296 0.9096822916666666 0.5210486111111111 0.8849427083333333 0.5210486111111111
0 0.8747630208333333 0.66625 0.8721588541666666 0.6986574074074073 0.8773671875 0.7495833333333333 0.8942942708333333 0.7495833333333333 0.9138255208333333 0.7819907407407407 0.9268463541666666 0.8097685185185185 0.9281484375 0.8352314814814815 0.9359609375 0.8606944444444444 0.9450755208333333 0.8699537037037037 0.9986979166666666 0.8213472222222222 0.9646067708333333 0.6893981481481481 0.9515859375 0.6755092592592592 0.9359609375 0.6755092592592592 0.9229401041666666 0.6546759259259259 0.8903880208333333 0.6523611111111111 0.8812734375 0.6546759259259259
0 0.3791432291666667 0.33291666666666664 0.3791432291666667 0.36069444444444443 0.4025807291666667 0.36069444444444443 0.4077890625 0.3699537037037037 0.41299739583333334 0.2958796296296296 0.38955989583333334 0.29125
0 0.3693177083333334 0.4069907407407407 0.368015625 0.43013888888888885 0.3940572916666667 0.4324537037037037 0.4018697916666667 0.4509722222222222 0.4096822916666667 0.37689814814814815 0.4044739583333334 0.36300925925925925 0.3810364583333334 0.36069444444444443
0 0.1781484375 0.6275300925925926 0.1781484375 0.6622523148148148 0.2080963541666667 0.6622523148148148 0.2172109375 0.6784560185185186 0.23023177083333335 0.6738263888888889 0.23413802083333335 0.6645671296296297 0.2328359375 0.6391041666666667 0.2432526041666667 0.6136412037037038 0.2432526041666667 0.6020671296296297 0.2484609375 0.6020671296296297 0.24976302083333335 0.5951226851851852 0.25366927083333335 0.5326226851851852 0.2093984375 0.5349375
0 0.077296875 0.519150462962963 0.077296875 0.530724537037037 0.08771354166666667 0.5353541666666667 0.11115104166666667 0.5353541666666667 0.12807812500000001 0.5260949074074074 0.15281770833333333 0.46128009259259256 0.15411979166666667 0.4450763888888889 0.12938020833333333 0.4358171296296296 0.11505729166666667 0.44276157407407407 0.09031770833333334 0.4797986111111111
0 0.4440104166666667 0.32407407407407407 0.4427083333333333 0.36342592592592593 0.4674479166666667 0.375 0.47265625 0.36342592592592593 0.4713541666666667 0.3125 0.4479166666666667 0.3125
0 0.015625 0.6782638888888889 0 0.7037268518518518 0 0.8495601851851852 0.00426171875 0.8297592592592593 0.007102864583333333 0.8213472222222222 0.012783854166666666 0.8146180555555556 0.041666666666666664 0.7754861111111111 0.05078125 0.7592824074074074 0.06865494791666667 0.7119884259259259 0.07054947916666666 0.7035763888888888 0.07244270833333334 0.6968472222222223 0.06865494791666667 0.6783402777777778 0.05918619791666666 0.6766574074074073 0.03172395833333334 0.6665625
0 0.12807291666666668 0.9409259259259259 0.08001302083333334 0.10407407407407408
0 0.3439869791666667 0.5035787037037037 0.3439869791666667 0.5313564814814815 0.3830494791666667 0.535986111111111 0.3921640625 0.4804305555555555 0.38955989583333334 0.45265277777777774 0.38565364583333334 0.45265277777777774 0.3830494791666667 0.44107870370370367 0.36221614583333334 0.4364490740740741 0.35440364583333334 0.45265277777777774
0 0.22395833333333334 0.3541666666666667 0.22265625 0.36342592592592593 0.2421875 0.36574074074074076 0.24739583333333334 0.3726851851851852 0.2669270833333333 0.3402777777777778 0.2643229166666667 0.32175925925925924 0.26171875 0.3148148148148148 0.24088541666666666 0.3148148148148148
0 0.23922786458333334 0.37753009259259257 0.23662369791666668 0.3937337962962963 0.25355078125 0.3983634259259259 0.26266536458333334 0.4145671296296296 0.27568619791666665 0.3937337962962963 0.28349869791666665 0.37058564814814815 0.28349869791666665 0.35669675925925926 0.27959244791666665 0.34049305555555553 0.26266536458333334 0.3358634259259259 0.25485286458333334 0.34280787037037036
0 0.34375 0.32765277777777774 0.3372395833333333 0.362375 0.3619791666666667 0.362375 0.3697916666666667 0.3739490740740741 0.3776041666666667 0.3392268518518518 0.3802083333333333 0.2975601851851852 0.3541666666666667 0.3021898148148148
0 0.6809895833333334 0.44907407407407407 0.6796875 0.4791666666666667 0.6927083333333334 0.5162037037037037 0.6953125 0.5393518518518519 0.7096354166666666 0.5625 0.71875 0.5416666666666666 0.7473958333333334 0.5370370370370371 0.7369791666666666 0.48842592592592593 0.71875 0.44907407407407407
0 0.5989583333333334 0.32407407407407407 0.59765625 0.3425925925925926 0.60546875 0.38425925925925924 0.6197916666666666 0.37037037037037035 0.63671875 0.3680555555555556 0.6302083333333334 0.3333333333333333 0.6197916666666666 0.3101851851851852
0 0.6341145833333334 0.32175925925925924 0.63671875 0.3541666666666667 0.6497395833333334 0.3773148148148148 0.65625 0.3680555555555556 0.6783854166666666 0.36342592592592593 0.671875 0.33101851851851855 0.66015625 0.3125 0.6393229166666666 0.3125
0 0.55859375 0.2986111111111111 0.5533854166666666 0.30092592592592593 0.5611979166666666 0.30324074074074076 0.5533854166666666 0.3125 0.5638020833333334 0.37962962962962965 0.5768229166666666 0.3680555555555556 0.5950520833333334 0.36574074074074076 0.5885416666666666 0.32407407407407407 0.5807291666666666 0.3055555555555556 0.5696614583333334 0.30092592592592593 0.5611979166666666 0.3101851851851852
0 0.5182291666666666 0.31712962962962965 0.5247395833333334 0.3773148148148148 0.53515625 0.3680555555555556 0.5533854166666666 0.3680555555555556 0.54296875 0.3125
0 0.48046875 0.3263888888888889 0.48046875 0.3726851851851852 0.5091145833333334 0.3726851851851852 0.5052083333333334 0.3194444444444444 0.4973958333333333 0.3125 0.4856770833333333 0.3148148148148148
0 0.13671875 0.42592592592592593 0.13802083333333334 0.4375 0.14322916666666666 0.41203703703703703 0.14973958333333334 0.4398148148148148 0.17057291666666666 0.44212962962962965 0.18489583333333334 0.42592592592592593 0.19791666666666666 0.375 0.17838541666666666 0.36574074074074076 0.1640625 0.37037037037037035 0.15364583333333334 0.38425925925925924
0 0.0859375 0.42592592592592593 0.07291666666666667 0.46064814814814814 0.08463541666666667 0.47685185185185186 0.09114583333333333 0.47685185185185186 0.10286458333333333 0.45601851851851855 0.13151041666666666 0.43287037037037035 0.13020833333333334 0.4212962962962963 0.11848958333333333 0.4050925925925926 0.09765625 0.4097222222222222
0 0.12630208333333334 0.3680555555555556 0.11588541666666667 0.39814814814814814 0.1328125 0.42592592592592593 0.16145833333333334 0.36574074074074076 0.14453125 0.3541666666666667
0 0.18098958333333334 0.35648148148148145 0.18098958333333334 0.36574074074074076 0.203125 0.3726851851851852 0.22005208333333334 0.3587962962962963 0.22786458333333334 0.3333333333333333 0.22135416666666666 0.3148148148148148 0.20182291666666666 0.3125 0.19010416666666666 0.3287037037037037
