0 0.6510416666666666 0.13425925925925927 0.6471354166666666 0.1412037037037037 0.6497395833333334 0.16203703703703703 0.6861979166666666 0.19212962962962962 0.6979166666666666 0.19212962962962962 0.7057291666666666 0.18287037037037038 0.70703125 0.16666666666666666 0.6940104166666666 0.14583333333333334 0.6653645833333334 0.12962962962962962
0 0.18316015625 0.4182152777777778 0.18836848958333333 0.4552523148148148 0.21441015625 0.4969189814814815 0.22743098958333333 0.4969189814814815 0.24175390625 0.478400462962963 0.23914973958333333 0.45988194444444447 0.20920182291666667 0.40895601851851854 0.19878515625 0.4020115740740741
0 0.21831640625 0.36651620370370375 0.22222265625 0.40123842592592596 0.24956640625 0.4429050925925926 0.26258723958333335 0.4429050925925926 0.27560807291666667 0.4243865740740741 0.27430598958333335 0.40586805555555555 0.24045182291666667 0.3549421296296296 0.22873307291666667 0.35262731481481485
0 0.2578125 0.31712962962962965 0.2604166666666667 0.3449074074074074 0.2903645833333333 0.38657407407407407 0.3020833333333333 0.38657407407407407 0.3138020833333333 0.3726851851851852 0.3138020833333333 0.3541666666666667 0.2786458333333333 0.30787037037037035 0.2682291666666667 0.30324074074074076
0 0.2942708333333333 0.27546296296296297 0.29296875 0.2962962962962963 0.2994791666666667 0.3148148148148148 0.3255208333333333 0.3449074074074074 0.3359375 0.3472222222222222 0.3489583333333333 0.33101851851851855 0.3489583333333333 0.3148148148148148 0.3294270833333333 0.2800925925925926 0.3098958333333333 0.2638888888888889
0 0.3294270833333333 0.2361111111111111 0.3268229166666667 0.25462962962962965 0.3307291666666667 0.26851851851851855 0.3411458333333333 0.27546296296296297 0.3580729166666667 0.30324074074074076 0.3697916666666667 0.3055555555555556 0.3815104166666667 0.2916666666666667 0.3802083333333333 0.2708333333333333 0.3567708333333333 0.2337962962962963 0.33984375 0.22453703703703703
0 0.14192708333333334 0.458337962962963 0.13932291666666666 0.4745416666666667 0.14453125 0.495375 0.17317708333333334 0.5439861111111112 0.18489583333333334 0.5463009259259259 0.20052083333333334 0.5254675925925926 0.19921875 0.5069490740740741 0.16796875 0.4537083333333334 0.15364583333333334 0.4467638888888889
0 0.09461848958333334 0.5316481481481481 0.09201432291666667 0.5501666666666667 0.09722265625 0.5686851851851852 0.12847265625 0.621925925925926 0.14670182291666667 0.6126666666666667 0.15581640625 0.596462962962963 0.15060807291666667 0.5733148148148148 0.11675390625 0.520074074074074 0.10894140625 0.5177592592592593
0 0.051214843749999996 0.5794837962962963 0.055121093749999996 0.607261574074074 0.08506901041666666 0.6674467592592592 0.09418359375 0.669761574074074 0.11501692708333333 0.6419837962962963 0.10980859375 0.6188356481481482 0.07855859375 0.5609652777777777 0.06683984375 0.558650462962963
0 0.010850260416666667 0.6365879629629629 0.006944010416666667 0.6412175925925925 0.006944010416666667 0.6944583333333333 0.030381510416666663 0.7384398148148148 0.047308593749999996 0.747699074074074 0.06814192708333333 0.7199212962962962 0.06814192708333333 0.7037175925925925 0.03298567708333333 0.6389027777777777 0.02517317708333333 0.6319583333333333
0 0.04079817708333333 0.45138657407407407 0.035589843749999996 0.4606458333333333 0.03689192708333333 0.47916435185185186 0.06683984375 0.5300902777777777 0.09288151041666666 0.5069421296296296 0.09157942708333333 0.4907384259259259 0.06423567708333333 0.4421273148148148 0.05381901041666667 0.4398125
0 0.08246484375 0.40199999999999997 0.07986067708333333 0.4112592592592592 0.08376692708333333 0.4251481481481481 0.10850651041666666 0.47607407407407404 0.11371484375 0.47838888888888886 0.13585026041666667 0.4552407407407407 0.13454817708333333 0.439037037037037 0.10850651041666666 0.3904259259259259 0.09808984375 0.3881111111111111
0 0.13107682291666667 0.3572476851851852 0.12586848958333333 0.37576620370370367 0.15711848958333333 0.4266921296296296 0.17274348958333333 0.4197476851851852 0.18185807291666667 0.40354398148148146 0.18055598958333333 0.3919699074074074 0.15581640625 0.35261805555555553 0.14279557291666667 0.3479884259259259
0 0.16102473958333333 0.3101782407407408 0.15842057291666667 0.3286967592592593 0.19227473958333333 0.37499305555555557 0.21441015625 0.3518449074074074 0.21310807291666667 0.33795601851851853 0.18576432291666667 0.3009189814814815 0.17274348958333333 0.2986041666666667
0 0.19921875 0.2646527777777778 0.19401041666666666 0.27391203703703704 0.19401041666666666 0.28780092592592593 0.22395833333333334 0.33178240740740744 0.23307291666666666 0.33178240740740744 0.24739583333333334 0.3132638888888889 0.24479166666666666 0.29706018518518523 0.22395833333333334 0.2646527777777778 0.21484375 0.2577083333333333
0 0.23220442708333333 0.23687731481481483 0.23350651041666667 0.2623402777777778 0.25694401041666665 0.29706249999999995 0.26605859375 0.2993773148148148 0.28168359375 0.2808587962962963 0.27777734375 0.2623402777777778 0.26085026041666665 0.2345625 0.24652734375 0.22761805555555556
0 0.25868098958333335 0.19983796296296297 0.25737890625 0.22067129629629628 0.28472265625 0.2577083333333333 0.29383723958333335 0.2553935185185185 0.30816015625 0.236875 0.30425390625 0.22067129629629628 0.28211848958333335 0.1905787037037037 0.27039973958333335 0.1882638888888889
0 0.3619791666666667 0.19907407407407407 0.3580729166666667 0.21296296296296297 0.3606770833333333 0.22685185185185186 0.390625 0.2662037037037037 0.3997395833333333 0.26851851851851855 0.4127604166666667 0.2523148148148148 0.4114583333333333 0.2337962962962963 0.3841145833333333 0.19675925925925927 0.3723958333333333 0.18981481481481483
0 0.3893229166666667 0.1712962962962963 0.390625 0.19907407407407407 0.4075520833333333 0.2222222222222222 0.4205729166666667 0.2337962962962963 0.4388020833333333 0.22453703703703703 0.4401041666666667 0.20601851851851852 0.421875 0.1736111111111111 0.4075520833333333 0.1597222222222222 0.3984375 0.1597222222222222
0 0.061197916666666664 0.1736111111111111 0.0625 0.2013888888888889 0.08854166666666667 0.24768518518518517 0.09895833333333333 0.24768518518518517 0.11328125 0.2337962962962963 0.11197916666666667 0.2175925925925926 0.08333333333333333 0.1712962962962963 0.0703125 0.16666666666666666
0 0.10546875 0.14351851851851852 0.1015625 0.15046296296296297 0.10416666666666667 0.1712962962962963 0.12630208333333334 0.20601851851851852 0.1484375 0.19212962962962962 0.14713541666666666 0.18055555555555555 0.12890625 0.15046296296296297 0.1171875 0.1388888888888889
0 0.13411458333333334 0.11342592592592593 0.1328125 0.125 0.13932291666666666 0.14814814814814814 0.16015625 0.1736111111111111 0.17708333333333334 0.1712962962962963 0.18489583333333334 0.1597222222222222 0.17838541666666666 0.1388888888888889 0.15755208333333334 0.1111111111111111 0.140625 0.10416666666666667
0 0.17057291666666666 0.08564814814814815 0.17057291666666666 0.11574074074074074 0.19401041666666666 0.14583333333333334 0.21354166666666666 0.13425925925925927 0.2109375 0.11574074074074074 0.19010416666666666 0.08564814814814815
0 0.20182291666666666 0.0625 0.20572916666666666 0.09259259259259259 0.22526041666666666 0.11342592592592593 0.23046875 0.11574074074074074 0.24479166666666666 0.10185185185185185 0.24348958333333334 0.08796296296296297 0.22135416666666666 0.05787037037037037 0.21354166666666666 0.05324074074074074
0 0.23567708333333334 0.034722222222222224 0.23697916666666666 0.05555555555555555 0.2591145833333333 0.08101851851851852 0.2747395833333333 0.08564814814814815 0.2825520833333333 0.0763888888888889 0.28125 0.0625 0.2630208333333333 0.034722222222222224 0.25390625 0.027777777777777776
0 0.2669270833333333 0.006944444444444444 0.2643229166666667 0.023148148148148147 0.2734375 0.04398148148148148 0.2955729166666667 0.0625 0.3098958333333333 0.05324074074074074 0.3072916666666667 0.034722222222222224 0.2942708333333333 0.013888888888888888 0.28125 0.004629629629629629
0 0.4205729166666667 0.1388888888888889 0.4192708333333333 0.1550925925925926 0.4244791666666667 0.1712962962962963 0.44921875 0.2013888888888889 0.46875 0.19212962962962962 0.4674479166666667 0.1712962962962963 0.4401041666666667 0.13194444444444445 0.4309895833333333 0.12731481481481483
0 0.4453125 0.1111111111111111 0.4440104166666667 0.13194444444444445 0.4661458333333333 0.16435185185185186 0.4830729166666667 0.1712962962962963 0.4921875 0.16203703703703703 0.4921875 0.14351851851851852 0.4700520833333333 0.10648148148148148 0.4557291666666667 0.09953703703703703
0 0.4713541666666667 0.08564814814814815 0.4713541666666667 0.10185185185185185 0.484375 0.12268518518518519 0.5078125 0.1412037037037037 0.5182291666666666 0.13425925925925927 0.51953125 0.1111111111111111 0.49609375 0.0763888888888889 0.4791666666666667 0.07175925925925926
0 0.49609375 0.05555555555555555 0.4947916666666667 0.07175925925925926 0.5221354166666666 0.1111111111111111 0.5325520833333334 0.11342592592592593 0.5442708333333334 0.10185185185185185 0.5442708333333334 0.08796296296296297 0.5221354166666666 0.05555555555555555 0.5078125 0.046296296296296294
0 0.5169270833333334 0.037037037037037035 0.5182291666666666 0.05092592592592592 0.546875 0.08564814814814815 0.5598958333333334 0.08333333333333333 0.5651041666666666 0.07175925925925926 0.5651041666666666 0.06018518518518518 0.5403645833333334 0.02546296296296296 0.5247395833333334 0.023148148148148147
0 0.5416666666666666 0.006944444444444444 0.5416666666666666 0.023148148148148147 0.56640625 0.05555555555555555 0.5755208333333334 0.06018518518518518 0.5885416666666666 0.046296296296296294 0.5885416666666666 0.034722222222222224 0.56640625 0 0.5442708333333334 0
0 0.734375 0.016203703703703703 0.7369791666666666 0.032407407407407406 0.7486979166666666 0.034722222222222224 0.7760416666666666 0.06018518518518518 0.7864583333333334 0.05555555555555555 0.7916666666666666 0.04398148148148148 0.7877604166666666 0.027777777777777776 0.76953125 0.011574074074074073 0.7408854166666666 0.006944444444444444
0 0.80859375 0.03009259259259259 0.80859375 0.037037037037037035 0.828125 0.05092592592592592 0.8515625 0.08333333333333333 0.8658854166666666 0.06944444444444445 0.86328125 0.05092592592592592 0.8346354166666666 0.016203703703703703 0.8203125 0.011574074074074073
0 0.9210065104166666 0.052439814814814814 0.9210065104166666 0.06632870370370371 0.94574609375 0.07095833333333333 0.9743919270833333 0.09410648148148149 0.9743919270833333 0.050125 0.9314231770833333 0.038550925925925926
0 0.9110247395833334 0.07713194444444443 0.90972265625 0.09333564814814814 0.9162330729166667 0.1025949074074074 0.9396705729166667 0.10722453703703703 0.9618059895833334 0.12574305555555554 0.9709205729166667 0.12111342592592592 0.9748268229166667 0.10953935185185185 0.97612890625 0.09565046296296296 0.97222265625 0.08870601851851852 0.94878515625 0.0701875 0.9201393229166667 0.06555787037037038
0 0.90191015625 0.12188888888888888 0.8993059895833334 0.1404074074074074 0.9045143229166667 0.15429629629629632 0.9240455729166667 0.16124074074074077 0.94097265625 0.17975925925925929 0.96050390625 0.17512962962962964 0.9670143229166667 0.14735185185185184 0.9631080729166667 0.13577777777777778 0.9396705729166667 0.11957407407407407 0.90581640625 0.11494444444444445
0 0.8880208333333334 0.46527314814814813 0.88671875 0.48147685185185185 0.8958333333333334 0.504625 0.9283854166666666 0.5254583333333334 0.9466145833333334 0.5509212962962963 0.9622395833333334 0.5555509259259259 0.9700520833333334 0.5486064814814815 0.9700520833333334 0.5023101851851851 0.9505208333333334 0.4768472222222222 0.91015625 0.442125 0.8958333333333334 0.4490694444444444
0 0.8723958333333334 0.5293171296296296 0.87109375 0.5385763888888889 0.87890625 0.5617245370370371 0.9114583333333334 0.5825578703703703 0.9309895833333334 0.612650462962963 0.9544270833333334 0.612650462962963 0.9635416666666666 0.5895023148148147 0.9609375 0.5732986111111111 0.9388020833333334 0.536261574074074 0.9192708333333334 0.5177430555555556 0.88671875 0.5038541666666666
0 0.8580729166666666 0.5825601851851852 0.8541666666666666 0.6010787037037036 0.8658854166666666 0.6334861111111111 0.88671875 0.6427453703703704 0.9205729166666666 0.684412037037037 0.93359375 0.6890416666666667 0.9440104166666666 0.6751527777777778 0.9479166666666666 0.6612638888888889 0.9453125 0.6381157407407407 0.9088541666666666 0.5871898148148148 0.87890625 0.5640416666666667 0.8684895833333334 0.5640416666666667
0 0.8350690104166666 0.6543171296296296 0.8337669270833333 0.6635763888888889 0.8415794270833333 0.6867245370370371 0.85590234375 0.6913541666666667 0.8962669270833333 0.7445949074074074 0.91840234375 0.7492245370370371 0.9288190104166666 0.7260763888888889 0.9275169270833333 0.7052430555555556 0.91058984375 0.6705208333333333 0.85980859375 0.6242245370370371 0.84808984375 0.6242245370370371
0 0.7703997395833334 0.44134027777777773 0.7703997395833334 0.4598587962962963 0.77691015625 0.4737476851851852 0.78862890625 0.4760625 0.8381080729166667 0.5223587962962962 0.8498268229166667 0.5223587962962962 0.8615455729166667 0.48763657407407407 0.8602434895833334 0.4737476851851852 0.8537330729166667 0.46448842592592593 0.8107643229166667 0.42513657407407407 0.7821184895833334 0.4181921296296296
0 0.7517356770833333 0.49921296296296297 0.7491315104166666 0.522361111111111 0.7556419270833333 0.53625 0.7764752604166666 0.5455092592592593 0.80902734375 0.5871759259259259 0.82855859375 0.5918055555555556 0.8415794270833333 0.5640277777777778 0.8389752604166666 0.5316203703703704 0.7921002604166666 0.4876388888888889 0.7829856770833333 0.4876388888888889 0.7764752604166666 0.47606481481481483 0.7608502604166666 0.4806944444444444
0 0.7291666666666666 0.5655717592592593 0.7278645833333334 0.5910347222222222 0.7356770833333334 0.6072384259259259 0.76171875 0.6257569444444444 0.78515625 0.6604791666666666 0.8072916666666666 0.6674236111111111 0.8190104166666666 0.6489050925925925 0.8216145833333334 0.6118680555555556 0.7734375 0.5586273148148148 0.7408854166666666 0.5447384259259259
0 0.8094622395833334 0.7337962962962963 0.80816015625 0.7430555555555556 0.81987890625 0.7754629629629629 0.8368059895833334 0.7847222222222222 0.8719622395833334 0.8356481481481481 0.8927955729166667 0.8472222222222222 0.9071184895833334 0.8217592592592593 0.90581640625 0.7893518518518519 0.8524309895833334 0.7175925925925926 0.8263893229166667 0.7013888888888888
0 0.7916666666666666 0.8117291666666666 0.7903645833333334 0.8279328703703703 0.8046875 0.8580254629629629 0.8177083333333334 0.8626550925925925 0.84765625 0.8973773148148148 0.859375 0.9205254629629629 0.8802083333333334 0.9251550925925925 0.890625 0.9020069444444444 0.8893229166666666 0.869599537037037 0.8671875 0.8325625 0.8359375 0.7978402777777777 0.8138020833333334 0.7793217592592592 0.8046875 0.7793217592592592
0 0.7643229166666666 0.8842592592592593 0.7591145833333334 0.9074074074074074 0.7682291666666666 0.9375 0.7903645833333334 0.9537037037037037 0.8216145833333334 0.9953703703703703 0.8606770833333334 0.9976851851851852 0.8645833333333334 0.9814814814814815 0.8619791666666666 0.9606481481481481 0.8372395833333334 0.9189814814814815 0.78125 0.8611111111111112 0.7721354166666666 0.8657407407407407
0 0.28862890625 0.8796296296296297 0.28602473958333335 0.9027777777777778 0.28993098958333335 0.9212962962962963 0.32638932291666667 0.9976851851851852 0.3641497395833333 1 0.3693580729166666 0.9907407407407407 0.37066015625 0.9722222222222222 0.3524309895833333 0.9328703703703703 0.3524309895833333 0.9212962962962963 0.31597265625 0.8564814814814815 0.30425390625 0.8564814814814815
0 0.18055598958333333 0.8425972222222222 0.17795182291666667 0.8657453703703704 0.18316015625 0.884263888888889 0.21831640625 0.9513935185185185 0.23133723958333333 0.9560231481481481 0.24956640625 0.9305601851851852 0.25086848958333335 0.9097268518518519 0.20789973958333333 0.8240787037037037 0.19357682291666667 0.8240787037037037
0 0.22569401041666667 0.7669768518518518 0.22308984375 0.790125 0.22699609375 0.8040138888888889 0.26475651041666665 0.8757731481481481 0.27907942708333333 0.8734583333333333 0.29470442708333333 0.8456805555555555 0.28949609375 0.8202175925925926 0.25433984375 0.753087962962963 0.24262109375 0.7484583333333333
0 0.27300390625 0.7145115740740741 0.27300390625 0.7353449074074073 0.31206640625 0.8071041666666666 0.32378515625 0.8117337962962963 0.3407122395833333 0.7862708333333333 0.3368059895833333 0.7584930555555555 0.29904557291666667 0.6936782407407407 0.28472265625 0.6959930555555555
0 0.30902734375 0.6450648148148148 0.30902734375 0.668212962962963 0.3467877604166667 0.7237685185185185 0.36371484375 0.730712962962963 0.37933984375 0.7075648148148148 0.3780377604166667 0.6890462962962963 0.34418359375 0.6358055555555556 0.32465234375 0.6242314814814814
0 0.33550390625 0.8009236111111112 0.3342018229166666 0.8171273148148148 0.3407122395833333 0.8425902777777778 0.3849830729166666 0.9259236111111112 0.39800390625 0.9305532407407408 0.4162330729166666 0.9027754629629631 0.4188372395833333 0.8865717592592594 0.4123268229166666 0.8611087962962963 0.36675390625 0.7800902777777778 0.35503515625 0.7731458333333334
0 0.3771705729166666 0.7353402777777777 0.3758684895833333 0.7584884259259259 0.3810768229166666 0.7770069444444444 0.4240455729166666 0.8510810185185185 0.4383684895833333 0.8533958333333332 0.4500872395833333 0.8371921296296295 0.4552955729166666 0.8233032407407407 0.4552955729166666 0.8024699074074073 0.40581640625 0.7168217592592592 0.3927955729166666 0.7098773148148148
0 0.4149309895833333 0.6581759259259259 0.4123268229166666 0.6836388888888889 0.41753515625 0.7021574074074074 0.4422747395833333 0.73225 0.46050390625 0.769287037037037 0.4774309895833333 0.7716018518518518 0.48784765625 0.7553981481481481 0.49175390625 0.7415092592592593 0.4891497395833333 0.7183611111111111 0.4435768229166666 0.6466018518518518 0.4279518229166666 0.6373425925925926
0 0.4479166666666667 0.5949027777777778 0.4466145833333333 0.6111064814814815 0.4557291666666667 0.6411990740740741 0.4791666666666667 0.6574027777777778 0.4986979166666667 0.6898101851851851 0.515625 0.692125 0.5221354166666666 0.6828657407407407 0.5247395833333334 0.6411990740740741 0.5052083333333334 0.6111064814814815 0.4700520833333333 0.5717546296296296 0.4583333333333333 0.5740694444444444
0 0.48394140625 0.5277731481481481 0.4865455729166666 0.5694398148148148 0.5112851562499999 0.5949027777777778 0.5282122395833333 0.6273101851851851 0.5451393229166667 0.629625 0.5555559895833333 0.6134212962962963 0.5555559895833333 0.5833287037037037 0.5203997395833333 0.5277731481481481 0.5021705729166667 0.5092546296296296 0.49175390625 0.5138842592592593
0 0.5104166666666666 0.4861111111111111 0.5078125 0.5092592592592593 0.51171875 0.5231481481481481 0.5390625 0.5532407407407407 0.54296875 0.5694444444444444 0.5651041666666666 0.5856481481481481 0.5755208333333334 0.5763888888888888 0.5807291666666666 0.5462962962962963 0.5611979166666666 0.5023148148148148 0.5299479166666666 0.4699074074074074 0.5221354166666666 0.4699074074074074
0 0.5494791666666666 0.4305555555555556 0.55078125 0.46296296296296297 0.55859375 0.47453703703703703 0.5703125 0.4699074074074074 0.5768229166666666 0.47685185185185186 0.5950520833333334 0.5138888888888888 0.6119791666666666 0.5162037037037037 0.6197916666666666 0.5023148148148148 0.6197916666666666 0.4699074074074074 0.5807291666666666 0.4166666666666667 0.5625 0.4074074074074074
0 0.5872395833333334 0.3726851851851852 0.5807291666666666 0.4027777777777778 0.5885416666666666 0.4212962962962963 0.60546875 0.42824074074074076 0.6263020833333334 0.46296296296296297 0.640625 0.46296296296296297 0.6497395833333334 0.44675925925925924 0.6497395833333334 0.4236111111111111 0.62890625 0.3888888888888889 0.6002604166666666 0.3611111111111111
0 0.6119791666666666 0.33796296296296297 0.6119791666666666 0.3587962962962963 0.6184895833333334 0.3726851851851852 0.640625 0.38657407407407407 0.65625 0.41203703703703703 0.6744791666666666 0.4074074074074074 0.6809895833333334 0.39351851851851855 0.6783854166666666 0.37037037037037035 0.6328125 0.31712962962962965 0.6223958333333334 0.31712962962962965
0 0.63671875 0.30324074074074076 0.6380208333333334 0.3194444444444444 0.68359375 0.3680555555555556 0.6979166666666666 0.36342592592592593 0.7044270833333334 0.3472222222222222 0.703125 0.3287037037037037 0.6770833333333334 0.2916666666666667 0.6575520833333334 0.27546296296296297 0.6471354166666666 0.27546296296296297
0 0.6614583333333334 0.26157407407407407 0.6627604166666666 0.2777777777777778 0.6796875 0.28935185185185186 0.703125 0.32175925925925924 0.71484375 0.3263888888888889 0.7265625 0.3148148148148148 0.7278645833333334 0.2916666666666667 0.6901041666666666 0.24305555555555555 0.6744791666666666 0.2361111111111111
0 0.6888020833333334 0.2152777777777778 0.6848958333333334 0.2337962962962963 0.70703125 0.25462962962962965 0.7265625 0.2847222222222222 0.7408854166666666 0.28703703703703703 0.7486979166666666 0.2777777777777778 0.75 0.25462962962962965 0.7291666666666666 0.2222222222222222 0.7057291666666666 0.2013888888888889 0.6979166666666666 0.2013888888888889
0 0.70703125 0.18518518518518517 0.70703125 0.19907407407407407 0.75390625 0.2523148148148148 0.7669270833333334 0.24768518518518517 0.7721354166666666 0.2337962962962963 0.7682291666666666 0.21064814814814814 0.73828125 0.17592592592592593 0.72265625 0.16666666666666666
0 0.7278645833333334 0.1574074074074074 0.7265625 0.16435185185185186 0.7721354166666666 0.21296296296296297 0.78515625 0.21296296296296297 0.7903645833333334 0.2013888888888889 0.7877604166666666 0.17824074074074073 0.75390625 0.1388888888888889 0.7408854166666666 0.13425925925925927
0 0.7513020833333334 0.11574074074074074 0.7513020833333334 0.13425925925925927 0.79296875 0.17592592592592593 0.8033854166666666 0.1736111111111111 0.8111979166666666 0.1597222222222222 0.8111979166666666 0.14351851851851852 0.7838541666666666 0.1111111111111111 0.76171875 0.10185185185185185
0 0.76953125 0.09027777777777778 0.7708333333333334 0.10185185185185185 0.7877604166666666 0.1111111111111111 0.8151041666666666 0.14351851851851852 0.82421875 0.14351851851851852 0.828125 0.13425925925925927 0.8294270833333334 0.11574074074074074 0.8033854166666666 0.08101851851851852 0.7825520833333334 0.06944444444444445
0 0.7903645833333334 0.05324074074074074 0.7903645833333334 0.06944444444444445 0.8098958333333334 0.08333333333333333 0.8268229166666666 0.1087962962962963 0.8385416666666666 0.1111111111111111 0.84765625 0.10185185185185185 0.8489583333333334 0.08564814814814815 0.8216145833333334 0.04861111111111111 0.7994791666666666 0.03935185185185185
0 0.71875 0.041666666666666664 0.7161458333333334 0.05324074074074074 0.7213541666666666 0.06018518518518518 0.74609375 0.07175925925925926 0.7578125 0.09027777777777778 0.76953125 0.08564814814814815 0.7747395833333334 0.07407407407407407 0.7682291666666666 0.05324074074074074 0.75390625 0.04861111111111111 0.7473958333333334 0.034722222222222224 0.7265625 0.032407407407407406
0 0.69921875 0.06944444444444445 0.6979166666666666 0.08101851851851852 0.703125 0.09490740740740741 0.7317708333333334 0.11574074074074074 0.7369791666666666 0.11574074074074074 0.7447916666666666 0.09259259259259259 0.7486979166666666 0.10185185185185185 0.75390625 0.09722222222222222 0.7486979166666666 0.08101851851851852 0.7317708333333334 0.06481481481481481 0.7044270833333334 0.06018518518518518
0 0.671875 0.10648148148148148 0.6692708333333334 0.11805555555555555 0.6744791666666666 0.12962962962962962 0.70703125 0.1574074074074074 0.7213541666666666 0.1597222222222222 0.7278645833333334 0.15046296296296297 0.7291666666666666 0.13194444444444445 0.70703125 0.10416666666666667 0.6796875 0.09722222222222222
0 0.6063372395833333 0.15122685185185183 0.6089414062499999 0.16974537037037038 0.6480039062499999 0.20215277777777776 0.6623268229166667 0.19983796296296297 0.66753515625 0.18363425925925925 0.6610247395833333 0.16511574074074073 0.6375872395833333 0.1419675925925926 0.6154518229166667 0.13733796296296297
0 0.5876731770833333 0.18363657407407408 0.5863710937500001 0.1998402777777778 0.5915794270833333 0.21141435185185187 0.6241315104166667 0.24150694444444445 0.6384544270833333 0.23919212962962963 0.6475690104166667 0.2206736111111111 0.6436627604166667 0.20678472222222222 0.6202252604166667 0.18132175925925928 0.5941835937500001 0.17437731481481483
0 0.5768229166666666 0.2361111111111111 0.57421875 0.2569444444444444 0.5794270833333334 0.26851851851851855 0.6119791666666666 0.2962962962962963 0.62890625 0.2962962962962963 0.6380208333333334 0.2800925925925926 0.6354166666666666 0.2638888888888889 0.61328125 0.23842592592592593 0.59375 0.22916666666666666
0 0.5499127604166667 0.23147916666666665 0.5473085937500001 0.2523125 0.5525169270833333 0.26388657407407407 0.5850690104166667 0.29166435185185186 0.6019960937500001 0.29166435185185186 0.6111106770833333 0.27546064814814814 0.6085065104166667 0.2592569444444444 0.5863710937500001 0.23379398148148148 0.5668398437500001 0.2245347222222222
0 0.5264752604166667 0.2762291666666667 0.5251731770833333 0.2901180555555556 0.5329856770833333 0.30632175925925925 0.5642356770833333 0.334099537037037 0.5772565104166667 0.334099537037037 0.5876731770833333 0.3155810185185185 0.5837669270833333 0.2947476851851852 0.5577252604166667 0.2669699074074074 0.5381940104166667 0.26002546296296297
0 0.4791666666666667 0.37037037037037035 0.4778645833333333 0.3888888888888889 0.4830729166666667 0.40046296296296297 0.515625 0.4351851851851852 0.5247395833333334 0.4351851851851852 0.52734375 0.4050925925925926 0.5234375 0.37962962962962965 0.49609375 0.35648148148148145
0 0.53125 0.4027777777777778 0.53125 0.42824074074074076 0.53515625 0.4305555555555556 0.5403645833333334 0.4074074074074074
0 0.5104166666666666 0.3263888888888889 0.5065104166666666 0.33564814814814814 0.5104166666666666 0.3587962962962963 0.5221354166666666 0.3726851851851852 0.5325520833333334 0.3680555555555556 0.53515625 0.3912037037037037 0.5559895833333334 0.3958333333333333 0.5677083333333334 0.37962962962962965 0.5677083333333334 0.36342592592592593 0.5546875 0.3402777777777778 0.5234375 0.31712962962962965
0 0.4388020833333333 0.42592592592592593 0.44140625 0.4513888888888889 0.4739583333333333 0.4930555555555556 0.4895833333333333 0.4976851851851852 0.5 0.48842592592592593 0.50390625 0.4722222222222222 0.5013020833333334 0.46064814814814814 0.4739583333333333 0.4212962962962963 0.4505208333333333 0.4097222222222222
0 0.4049479166666667 0.4722222222222222 0.40234375 0.4930555555555556 0.4075520833333333 0.5069444444444444 0.4453125 0.5509259259259259 0.45703125 0.5486111111111112 0.4661458333333333 0.5370370370370371 0.4674479166666667 0.5138888888888888 0.4388020833333333 0.4722222222222222 0.4205729166666667 0.4583333333333333
0 0.3819440104166667 0.5177453703703704 0.3806419270833334 0.5362638888888889 0.3858502604166667 0.5501527777777778 0.41840234375 0.5964490740740741 0.4327252604166667 0.6010787037037036 0.4444440104166667 0.5871898148148148 0.4470481770833334 0.5663564814814814 0.41449609375 0.510800925925926 0.3962669270833334 0.5015416666666667
0 0.34765625 0.5709861111111111 0.3463541666666667 0.5895046296296296 0.3541666666666667 0.6080231481481482 0.3880208333333333 0.6566342592592592 0.3984375 0.6589490740740741 0.4140625 0.6334861111111111 0.4114583333333333 0.6126527777777778 0.3763020833333333 0.559412037037037 0.3619791666666667 0.5524675925925926
0 0.09505208333333333 0.9027777777777778 0.09375 0.9305555555555556 0.12239583333333333 0.9976851851851852 0.16276041666666666 0.9976851851851852 0.17057291666666666 0.9837962962962963 0.1640625 0.9560185185185185 0.12760416666666666 0.8819444444444444 0.11067708333333333 0.8796296296296297
