0 0.37926041666666666 0.6839166666666666 0.34256640625 0.8578819444444444 0.40127734374999996 0.8696574074074074 0.42684635416666666 0.6829074074074074
0 0.453125 0.5236736111111111 0.5054453125 0.5264398148148148 0.4973958333333333 0.6825486111111111 0.4396302083333334 0.6690879629629629
0 0.5137304687500001 0.6876527777777777 0.5688932291666667 0.6862708333333333 0.5885416666666666 0.876087962962963 0.5224908854166667 0.8696574074074074
0 0.5996679687500001 0.6893263888888889 0.6545924479166666 0.6910092592592593 0.6725846354166666 0.8861712962962963 0.61292578125 0.8878541666666666
0 0.6593281249999999 0.6763518518518519 0.7256158854166667 0.6741828703703704 0.7502369791666667 0.8777592592592592 0.6773203125 0.8777592592592592
0 0.3645833333333333 0.4423148148148148 0.3998580729166667 0.4453726851851852 0.37618359375 0.5429537037037038 0.3430403645833333 0.5194004629629629
0 0.17708333333333334 0.7596203703703703 0.11884505208333333 0.7486921296296296 0.046875 0.953949074074074 0.11103125000000001 0.960199074074074
0 0.22561588541666666 0.6606759259259258 0.27580468750000003 0.6758657407407407 0.22466927083333332 0.8710300925925927 0.15743359375000002 0.8810763888888888
0 0.13944140624999998 0.45883101851851854 0.10724348958333334 0.5345416666666667 0.14512239583333333 0.5446365740740741 0.17637239583333333 0.47902083333333334
0 0.15743359375000002 0.5294467592592592 0.19720703125000003 0.5378587962962963 0.14772786458333334 0.6619375 0.09753776041666667 0.6518425925925926 0.1328125 0.5496828703703703
0 0.7568658854166667 0.5488263888888889 0.7555638020833334 0.5650300925925925 0.7685846354166667 0.6159560185185186 0.7946263020833334 0.6784560185185186 0.8415013020833334 0.6622523148148148 0.8193658854166667 0.5766041666666667 0.7998346354166667 0.5418819444444444 0.78160546875 0.5372523148148148
0 0.56640625 0.5401990740740741 0.5690104166666666 0.6096435185185185 0.5794270833333334 0.6582546296296296 0.578125 0.6767731481481482 0.5846354166666666 0.6883472222222222 0.58984375 0.6721435185185185 0.6005208333333333 0.6651990740740741 0.6315104166666666 0.6628842592592592 0.6106770833333334 0.5494583333333334 0.59765625 0.5332546296296297
0 0.6478450520833333 0.3653356481481481 0.6586171875 0.36372222222222217 0.6444127604166666 0.3603587962962963 0.6330494791666667 0.37381712962962965 0.6434661458333334 0.4562569444444445 0.6870260416666666 0.446162037037037 0.6764908854166666 0.3722800925925926 0.6556575520833333 0.3583912037037037
0 0.6859609375 0.39288657407407407 0.6859609375 0.4160347222222222 0.7028880208333333 0.46233101851851854 0.7120026041666666 0.4438125 0.7354401041666666 0.4438125 0.7250234375 0.3975162037037037 0.7133046875 0.3743680555555556 0.6937734375 0.3743680555555556
0 0.049597656250000004 0.7241203703703704 0.037878906250000004 0.7472685185185185 0.010416666666666666 0.8541574074074073 0.05610807291666667 0.8792129629629629 0.07173307291666667 0.8606944444444444 0.09386848958333333 0.8491203703703704 0.09256640625 0.8329166666666666 0.09647265625 0.8190277777777778 0.14725390624999998 0.6824537037037037 0.14074348958333333 0.6685648148148148 0.12902473958333333 0.6685648148148148 0.12511848958333333 0.6616203703703704 0.09777473958333333 0.6616203703703704
0 0.4357239583333334 0.7681018518518519 0.438328125 0.7981944444444444 0.4331197916666667 0.8653240740740741 0.496921875 0.8699537037037037 0.4956197916666667 0.7843055555555556 0.4995260416666667 0.7750462962962963 0.5008281250000001 0.7102314814814815 0.4995260416666667 0.6778240740740741 0.4956197916666667 0.6685648148148148 0.450046875 0.6708796296296297 0.442234375 0.7495833333333333
0 0.4479166666666667 0.941087962962963 0.06154947916666667 0.11782407407407407
0 0.5508984375 0.9379166666666667 0.06582031249999999 0.12416666666666666
0 0.6461848958333333 0.9489120370370371 0.07977864583333334 0.10155092592592592
0 0.7392317708333334 0.9419212962962964 0.09824218750000001 0.1161574074074074
0 0.8408984374999999 0.9459722222222223 0.1051171875 0.10743055555555554
0 0.3565234375 0.9366666666666666 0.07954427083333333 0.1199537037037037
0 0.26502604166666666 0.937337962962963 0.07884114583333333 0.11796296296296296
0 0.13884895833333333 0.7255393518518518 0.13884895833333333 0.7394282407407408 0.17400520833333333 0.7417430555555555 0.17791145833333333 0.760261574074074 0.18702604166666667 0.7579467592592593 0.19093229166666667 0.7371134259259259 0.22608854166666667 0.6514652777777777 0.22608854166666667 0.6190578703703703 0.23532161458333334 0.6006365740740741 0.19270833333333334 0.5871759259259259 0.17791145833333333 0.6213726851851852 0.16098437499999999 0.6514652777777777
0 0.29095703125 0.4888796296296296 0.28054036458333337 0.5328611111111111 0.3052799479166667 0.5398055555555555 0.31179036458333337 0.5536944444444445 0.32611328125 0.5513796296296296 0.3287174479166667 0.5189722222222222 0.3365299479166666 0.5073981481481481 0.34173828125 0.4819351851851852 0.3430403645833333 0.4518425925925926 0.3365299479166666 0.4356388888888889 0.31439453125 0.4333240740740741
0 0.813328125 0.6818194444444444 0.8107239583333333 0.711912037037037 0.8146302083333333 0.737375 0.8419739583333333 0.8114490740740741 0.8432760416666666 0.836912037037037 0.8497864583333333 0.8438564814814815 0.856296875 0.8762638888888888 0.8810364583333333 0.8924675925925926 0.891453125 0.8716342592592592 0.922703125 0.8693194444444444 0.9292135416666666 0.8600601851851851 0.9292135416666666 0.8461712962962963 0.895359375 0.7396898148148148 0.8628072916666666 0.6771898148148148 0.8198385416666666 0.674875
0 0.74100390625 0.6864490740740741 0.7397018229166666 0.7327453703703704 0.7514205729166666 0.7540486111111112 0.7579309895833334 0.7836712962962963 0.7735559895833334 0.8762638888888888 0.7930872395833334 0.8901527777777778 0.79959765625 0.8762638888888888 0.8087122395833334 0.8716342592592592 0.83866015625 0.8716342592592592 0.84647265625 0.8438564814814815 0.8360559895833334 0.8183935185185185 0.8126184895833334 0.7258009259259259 0.7904830729166666 0.6771898148148148 0.7553268229166666 0.6725601851851851 0.74491015625 0.6771898148148148
0 0.005208333333333333 0.3541666666666667 0 0.3541666666666667 0 0.39351851851851855 0.0078125 0.3888888888888889 0.016927083333333332 0.3680555555555556 0.014322916666666666 0.3587962962962963
0 0.854640625 0.5324074074074074 0.8533385416666667 0.5972222222222222 0.862453125 0.6064814814814815 0.870265625 0.6041666666666666 0.885890625 0.6296296296296297 0.8989114583333334 0.6782407407407407 0.905421875 0.6828703703703703 0.932765625 0.6736111111111112 0.940578125 0.6574074074074074 0.9627135416666667 0.6504629629629629 0.9627135416666667 0.6342592592592593 0.9627135416666667 0.6716087962962963 0.9521783854166667 0.6220393518518519 0.9370260416666666 0.5715648148148148 0.8884947916666667 0.5254629629629629
0 0.8040950520833333 0.4335023148148148 0.8040950520833333 0.48905787037037035 0.8132096354166666 0.4960023148148148 0.8327408854166666 0.530724537037037 0.8353450520833333 0.5446134259259259 0.85357421875 0.5446134259259259 0.8639908854166666 0.5214652777777777 0.88873046875 0.5168356481481481 0.8874283854166666 0.5075763888888889 0.8713697916666666 0.5214652777777777 0.8815690104166666 0.4971597222222222 0.85357421875 0.4381319444444444 0.83404296875 0.4288726851851852
0 0.7607721354166667 0.35774537037037035 0.7594700520833334 0.40404166666666663 0.77769921875 0.424875 0.78551171875 0.44802314814814814 0.7998346354166667 0.4457083333333333 0.8063450520833334 0.424875 0.8271783854166667 0.4225601851851852 0.8271783854166667 0.4156157407407407 0.81480859375 0.424875 0.8232721354166667 0.40635648148148146 0.80113671875 0.35774537037037035
0 0.7227747395833334 0.30471990740740745 0.7240768229166666 0.3324976851851852 0.7383997395833334 0.3556458333333334 0.74100390625 0.3695347222222222 0.75272265625 0.36490509259259263 0.7579309895833334 0.3463865740740741 0.7774622395833334 0.34407175925925926 0.7670455729166666 0.30934953703703705 0.7553268229166666 0.2931458333333333 0.7357955729166666 0.2908310185185185
0 0.8161692708333333 0.30513888888888885 0.8135651041666666 0.3074537037037037 0.8174713541666666 0.33291666666666664 0.8265859375 0.34912037037037036 0.8591380208333333 0.35375 0.8630442708333333 0.33291666666666664 0.8695546875 0.34912037037037036 0.8487213541666666 0.30050925925925925 0.8278880208333333 0.29819444444444443
0 0.8093033854166666 0.36216203703703703 0.8197200520833333 0.40614351851851854 0.83013671875 0.42697685185185186 0.8509700520833333 0.4385509259259259 0.8718033854166666 0.43392129629629633 0.8757096354166666 0.41308796296296296 0.8822200520833333 0.4292916666666667 0.85748046875 0.37142129629629633 0.8327408854166666 0.36216203703703703 0.8171158854166666 0.3691064814814815
0 0.9106302083333334 0.4267731481481482 0.9106302083333334 0.44066203703703705 0.9236510416666667 0.4383472222222223 0.9197447916666667 0.4591805555555556 0.9418802083333334 0.5101064814814815 0.9614114583333334 0.5263101851851852 0.999171875 0.5101064814814815 0.9978697916666667 0.49853240740740745 0.9783385416666667 0.5170509259259259 0.9926614583333334 0.4892731481481482 0.964015625 0.43603240740740745 0.9509947916666667 0.429087962962963 0.924953125 0.43603240740740745
0 0.8678971354166666 0.36574074074074076 0.8639908854166666 0.3726851851851852 0.8665950520833333 0.38657407407407407 0.8874283854166666 0.42824074074074076 0.9056575520833333 0.42592592592592593 0.9095638020833333 0.3819444444444444 0.91607421875 0.40046296296296297 0.91216796875 0.42592592592592593 0.9173763020833333 0.41898148148148145 0.9264908854166666 0.4236111111111111 0.9030533854166666 0.37037037037037035 0.8939388020833333 0.36342592592592593
0 0.8647018229166666 0.29819444444444443 0.8594934895833334 0.31902777777777774 0.85428515625 0.3028240740740741 0.8712122395833334 0.34912037037037036 0.90311328125 0.3514351851851852 0.9037643229166666 0.33523148148148146 0.9115768229166666 0.34912037037037036 0.8907434895833334 0.30513888888888885
0 0.9114583333333334 0.9351851851851852 0.90625 0.9467592592592593 0.9088541666666666 0.9513888888888888 0.9140625 0.9444444444444444 0.9114583333333334 0.9560185185185185 0.9244791666666666 0.9976851851851852 0.9713541666666666 0.9976851851851852 0.94140625 0.9351851851851852
0 0.8841145833333334 0.8752152777777779 0.8776041666666666 0.9076226851851852 0.8880208333333334 0.9654930555555556 0.8984375 0.9909560185185186 0.9986979166666666 0.9909560185185186 0.9791666666666666 0.9377152777777779 0.9453125 0.8752152777777779
0 0.010416666666666666 0.48418981481481477 0 0.49807870370370366 0 0.5906712962962962 0.028645833333333332 0.5744675925925926 0.04296875 0.5397453703703703 0.06770833333333333 0.5003935185185185 0.07161458333333333 0.481875 0.06770833333333333 0.4749305555555555 0.03515625 0.4726157407407407
0 0.041785156250000004 0.4644074074074074 0.041785156250000004 0.4736666666666667 0.06392057291666667 0.47598148148148145 0.07694140625 0.4968148148148148 0.09907682291666665 0.45514814814814814 0.11860807291666665 0.4343148148148148 0.11991015625 0.40653703703703703 0.11209765625 0.44125925925925924 0.10688932291666665 0.4042222222222222 0.07303515625 0.40885185185185186 0.04699348958333333 0.45514814814814814 0.05220182291666667 0.4736666666666667
0 0.1015625 0.3768611111111111 0.09244791666666667 0.4046388888888889 0.11197916666666667 0.4069537037037037 0.1171875 0.4208425925925926 0.12239583333333333 0.4208425925925926 0.14713541666666666 0.39769444444444446 0.15625 0.36760185185185185 0.15364583333333334 0.3560277777777778 0.13151041666666666 0.3513981481481481 0.11588541666666667 0.3560277777777778
0 0.7265625 0.2638888888888889 0.72265625 0.2708333333333333 0.72265625 0.29398148148148145 0.7356770833333334 0.3101851851851852 0.7395833333333334 0.3263888888888889 0.7434895833333334 0.3287037037037037 0.7565104166666666 0.30324074074074076 0.7682291666666666 0.2986111111111111 0.7591145833333334 0.30092592592592593 0.7630208333333334 0.2847222222222222 0.75390625 0.26157407407407407 0.7369791666666666 0.2569444444444444
0 0.00390625 0.3541666666666667 0 0.3541666666666667 0 0.39351851851851855 0.0078125 0.3888888888888889 0.016927083333333332 0.3680555555555556 0.015625 0.3611111111111111
0 0.013020833333333334 0.3074537037037037 0 0.3306018518518518 0 0.34680555555555553 0.014322916666666666 0.3514351851851852 0.01953125 0.36069444444444443 0.036458333333333336 0.35375 0.0625 0.32134259259259257 0.061197916666666664 0.3097685185185185 0.048177083333333336 0.2958796296296296 0.0234375 0.29819444444444443
0 0.024858072916666668 0.2916666666666667 0.024858072916666668 0.30324074074074076 0.04308723958333333 0.3194444444444444 0.07043098958333334 0.2962962962962963 0.07694140625 0.2777777777777778 0.07043098958333334 0.2638888888888889 0.053503906250000004 0.26157407407407407 0.037878906250000004 0.26851851851851855
0 0.06806380208333333 0.2539976851851852 0.06676171875 0.26094212962962965 0.08629296874999999 0.27946064814814814 0.10973046874999999 0.2586273148148148 0.11233463541666666 0.24242361111111113 0.09931380208333333 0.22853472222222224 0.09150130208333333 0.22853472222222224 0.07978255208333333 0.23316435185185186
0 0.112453125 0.21001620370370372 0.10724479166666667 0.22853472222222224 0.12156770833333334 0.24705324074074075 0.13849479166666667 0.23547916666666668 0.14370312500000001 0.2239050925925926 0.13719270833333333 0.2053865740740741
0 0.13589062500000001 0.1914976851851852 0.13458854166666667 0.20075694444444445 0.14630729166666667 0.2215902777777778 0.16714062500000001 0.2053865740740741 0.16714062500000001 0.18918287037037038 0.16193229166666667 0.17992361111111113 0.14500520833333333 0.17992361111111113
0 0.055871093749999996 0.6199537037037037 0.05456901041666667 0.6292129629629629 0.07279817708333333 0.640787037037037 0.07930859375 0.6523611111111111 0.09623567708333335 0.6523611111111111 0.13269401041666667 0.5551388888888888 0.11967317708333335 0.5389351851851851 0.09883984375 0.5389351851851851 0.07800651041666666 0.5643981481481481
0 0.056817708333333335 0.5039976851851852 0.04640104166666667 0.5387199074074074 0.07244270833333334 0.5595532407407408 0.09978645833333333 0.5387199074074074 0.10890104166666666 0.5225162037037037 0.118015625 0.4854791666666667 0.10108854166666666 0.46696064814814814 0.086765625 0.46696064814814814 0.06853645833333334 0.48316435185185186
0 0.10973046874999999 0.4335023148148148 0.10322005208333333 0.46128009259259256 0.12665755208333332 0.47516898148148146 0.15139713541666666 0.4589652777777778 0.16311588541666666 0.42192824074074076 0.15009505208333332 0.4010949074074074 0.13316796875 0.4010949074074074
0 0.14121744791666666 0.37857870370370367 0.13731119791666666 0.3947824074074074 0.15814453125 0.41330092592592593 0.17897786458333334 0.3970972222222222 0.18809244791666668 0.3670046296296296 0.17637369791666668 0.3484861111111111 0.16335286458333334 0.3484861111111111
0 0.16548307291666667 0.5082083333333333 0.16157682291666667 0.5220972222222222 0.16418098958333333 0.5290416666666666 0.16938932291666667 0.5012638888888888 0.17134244791666667 0.5290416666666666 0.19282682291666667 0.5290416666666666 0.20194140625 0.535986111111111 0.22537890625 0.49663425925925925 0.23709765625 0.45496759259259256 0.23579557291666667 0.44107870370370367 0.20975390625 0.43413425925925925 0.19673307291666667 0.44107870370370367 0.17589973958333335 0.47580092592592593
0 0.23129687499999999 0.47516898148148146 0.21827604166666667 0.5260949074074074 0.24561979166666667 0.530724537037037 0.2560364583333333 0.5492430555555555 0.27686979166666664 0.4936875 0.285984375 0.4450763888888889 0.2560364583333333 0.4358171296296296 0.24171354166666667 0.4497060185185185
0 0.26538802083333335 0.7748310185185184 0.26278385416666666 0.8095532407407406 0.25366927083333335 0.8419606481481481 0.25497135416666666 0.8697384259259259 0.29533593750000003 0.8743680555555555 0.30705468750000003 0.8836273148148147 0.32137760416666666 0.8813124999999999 0.33179427083333335 0.7864050925925925 0.34481510416666666 0.7632569444444444 0.34872135416666666 0.7447384259259259 0.3461171875 0.6799236111111111 0.33179427083333335 0.6706643518518518 0.29794010416666666 0.6776087962962962 0.28491927083333335 0.705386574074074
0 0.9077890625 0.3627939814814815 0.9038828125 0.36973842592592593 0.9077890625 0.39057175925925924 0.9299244791666667 0.4276087962962963 0.9702890625 0.4299236111111111 0.9702890625 0.41834953703703703 0.9442473958333334 0.37205324074074075 0.9338307291666667 0.3627939814814815
0 0.9008046875 0.3061875 0.9008046875 0.3270208333333333 0.9151276041666666 0.3524837962962963 0.9346588541666666 0.3547986111111111 0.9398671875 0.3270208333333333 0.9418203125 0.3547986111111111 0.9515859375 0.3524837962962963 0.9359609375 0.31544675925925925 0.9242421875 0.30155787037037035 0.9151276041666666 0.30155787037037035 0.9125234375 0.34553935185185186 0.9060130208333333 0.30155787037037035
0 0.7643229166666666 0.26157407407407407 0.7643229166666666 0.2800925925925926 0.7760416666666666 0.2962962962962963 0.7890625 0.3055555555555556 0.8098958333333334 0.2986111111111111 0.79296875 0.26157407407407407
0 0.2513020833333333 0.40046296296296297 0.24348958333333334 0.43287037037037035 0.2786458333333333 0.44675925925925924 0.2942708333333333 0.39351851851851855 0.296875 0.36372222222222217 0.2682291666666667 0.3680555555555556
0 0.45904296875 0.4457083333333333 0.4538346354166667 0.4734861111111111 0.4538346354166667 0.5313564814814815 0.47857421875 0.5290416666666666 0.4928971354166667 0.535986111111111 0.4955013020833334 0.5452453703703704 0.4955013020833334 0.44107870370370367 0.4694596354166667 0.4387638888888889
0 0.50390625 0.4444444444444444 0.50390625 0.5277777777777778 0.5416666666666666 0.5254629629629629 0.54296875 0.5023148148148148 0.53515625 0.4351851851851852 0.51171875 0.43287037037037035
0 0.55859375 0.44675925925925924 0.5572916666666666 0.49074074074074076 0.5625 0.5393518518518519 0.6028645833333334 0.5370370370370371 0.6002604166666666 0.4976851851851852 0.58984375 0.44907407407407407 0.5846354166666666 0.44212962962962965
0 0.60546875 0.44907407407407407 0.6041666666666666 0.4699074074074074 0.6145833333333334 0.5324074074074074 0.6263020833333334 0.5416666666666666 0.6158854166666666 0.5509259259259259 0.6171875 0.5555555555555556 0.6223958333333334 0.5555555555555556 0.6236979166666666 0.5462962962962963 0.6315104166666666 0.5393518518518519 0.66015625 0.5393518518518519 0.6536458333333334 0.48842592592592593 0.6393229166666666 0.4444444444444444
0 0.0078125 0.5717592592592593 0 0.5856481481481481 0 0.6805555555555556 0.045572916666666664 0.6319444444444444 0.06510416666666667 0.5879629629629629 0.06901041666666667 0.5625 0.057291666666666664 0.5462962962962963 0.041666666666666664 0.5393518518518519 0.026041666666666668 0.5486111111111112
0 0.6549479166666666 0.4537037037037037 0.65625 0.48148148148148145 0.6640625 0.5069444444444444 0.66796875 0.5416666666666666 0.67578125 0.5578703703703703 0.6809895833333334 0.5578703703703703 0.69140625 0.5370370370370371 0.7161458333333334 0.5347222222222222 0.70703125 0.49074074074074076 0.69140625 0.44675925925925924 0.66015625 0.4444444444444444
0 0.31439453125 0.6302615740740741 0.31439453125 0.6580393518518519 0.3508528645833333 0.6626689814814816 0.3599674479166666 0.6835023148148148 0.3638736979166666 0.6811875000000001 0.3677799479166666 0.6742430555555556 0.3664778645833333 0.6372060185185185 0.3716861979166666 0.6279467592592594 0.36908203125 0.6186875000000001 0.3755924479166666 0.5978541666666667 0.38080078125 0.530724537037037 0.3391341145833333 0.5330393518518518
0 0.3837591145833333 0.6146898148148148 0.3798528645833333 0.6633009259259259 0.4150091145833333 0.660986111111111 0.42933203124999997 0.674875 0.43323828124999997 0.6633009259259259 0.4384466145833333 0.5336712962962963 0.39808203124999997 0.5313564814814815
0 0.5150325520833333 0.5458680555555555 0.5124283854166667 0.6153125 0.5163346354166667 0.6801273148148148 0.5228450520833333 0.6708680555555555 0.5645117187500001 0.6708680555555555 0.5658138020833333 0.6546643518518519 0.5580013020833333 0.5967939814814814 0.5606054687500001 0.5875347222222222 0.5540950520833333 0.5481828703703704 0.5475846354166667 0.541238425925926
0 0.6344700520833334 0.5513425925925927 0.63316796875 0.5791203703703703 0.65269921875 0.6948611111111112 0.6592096354166667 0.6971759259259259 0.66832421875 0.6786574074074074 0.7060846354166667 0.6763425925925927 0.6943658854166667 0.6115277777777778 0.6748346354166667 0.5490277777777778
0 0.6985091145833334 0.5492430555555555 0.69720703125 0.5839652777777777 0.72455078125 0.6881319444444445 0.7349674479166667 0.6904467592592594 0.7414778645833334 0.669613425925926 0.7766341145833334 0.6672986111111112 0.7610091145833334 0.5955393518518519 0.7414778645833334 0.5469282407407408 0.7349674479166667 0.5399837962962963 0.7102278645833334 0.5399837962962963
0 0.8177083333333334 0.26157407407407407 0.81640625 0.2777777777777778 0.8268229166666666 0.2962962962962963 0.859375 0.30092592592592593 0.8450520833333334 0.2638888888888889
0 0.21223958333333334 0.4212962962962963 0.2109375 0.4351851851851852 0.23307291666666666 0.4398148148148148 0.2421875 0.44907407407407407 0.2591145833333333 0.42592592592592593 0.2708333333333333 0.3726851851851852 0.265625 0.36574074074074076 0.24739583333333334 0.36342592592592593 0.23307291666666666 0.3680555555555556 0.22526041666666666 0.37962962962962965
0 0.4607005208333333 0.4027777777777778 0.4607005208333333 0.44212962962962965 0.4880442708333333 0.4375 0.4945546875 0.4444444444444444 0.49325260416666666 0.3680555555555556 0.4672109375 0.3680555555555556
0 0.68323828125 0.22580092592592593 0.6819361979166666 0.2489490740740741 0.6962591145833333 0.27441203703703704 0.7196966145833333 0.2512638888888889 0.7118841145833333 0.22348611111111114 0.70667578125 0.21885648148148149 0.6936549479166666 0.2165416666666667
0 0.5546875 0.3958333333333333 0.55078125 0.41435185185185186 0.5533854166666666 0.4375 0.5572916666666666 0.4236111111111111 0.5625 0.42824074074074076 0.5611979166666666 0.4375 0.5846354166666666 0.4351851851851852 0.578125 0.42824074074074076 0.5833333333333334 0.4212962962962963 0.578125 0.39351851851851855 0.5670572916666666 0.3912037037037037 0.5768229166666666 0.42824074074074076 0.5625 0.43287037037037035 0.55859375 0.3912037037037037
0 0.5494791666666666 0.37962962962962965 0.546875 0.4097222222222222 0.5546875 0.44212962962962965 0.5872395833333334 0.4375 0.57421875 0.37037037037037035
0 0.546875 0.3819444444444444 0.5455729166666666 0.4027777777777778 0.5546875 0.4444444444444444 0.5872395833333334 0.4398148148148148 0.57421875 0.3680555555555556 0.5520833333333334 0.3726851851851852
0 0.17933203125 0.1424675925925926 0.17933203125 0.174875 0.19625911458333334 0.1725601851851852 0.20797786458333334 0.1540416666666667 0.20667578125 0.1424675925925926 0.20146744791666668 0.13783796296296297
0 0.024739583333333332 0.29398148148148145 0.024739583333333332 0.30324074074074076 0.028645833333333332 0.28703703703703703 0.029947916666666668 0.30324074074074076 0.046875 0.2986111111111111 0.052083333333333336 0.28703703703703703 0.05859375 0.28935185185185186 0.06901041666666667 0.2777777777777778 0.0703125 0.2662037037037037 0.056640625 0.26157407407407407 0.0546875 0.28703703703703703 0.049479166666666664 0.26157407407407407 0.040364583333333336 0.2662037037037037
0 0.6015625 0.3726851851851852 0.59765625 0.37962962962962965 0.5989583333333334 0.4212962962962963 0.6028645833333334 0.4375 0.6119791666666666 0.4444444444444444 0.60546875 0.4583333333333333 0.609375 0.44907407407407407 0.6223958333333334 0.44212962962962965 0.640625 0.44212962962962965 0.6263020833333334 0.3726851851851852
