0 0.109375 0.8981481481481481 0.10546875 0.9259259259259259 0.11848958333333333 0.9467592592592593 0.17838541666666666 0.9814814814814815 0.19270833333333334 0.9745370370370371 0.20703125 0.9328703703703703 0.20442708333333334 0.9166666666666666 0.1953125 0.9050925925925926 0.13541666666666666 0.8703703703703703 0.11979166666666667 0.875
0 0.014322916666666666 0.8472222222222222 0.013020833333333334 0.8587962962962963 0.01953125 0.875 0.07421875 0.9074074074074074 0.09244791666666667 0.9074074074074074 0.11197916666666667 0.8657407407407407 0.109375 0.8518518518518519 0.09635416666666667 0.8379629629629629 0.045572916666666664 0.8125 0.026041666666666668 0.8194444444444444
0 0.14713541666666666 0.7962962962962963 0.14453125 0.8194444444444444 0.15885416666666666 0.8449074074074074 0.18619791666666666 0.8518518518518519 0.21354166666666666 0.8703703703703703 0.22786458333333334 0.8657407407407407 0.23958333333333334 0.8310185185185185 0.23958333333333334 0.8171296296296297 0.23307291666666666 0.8032407407407407 0.17838541666666666 0.7731481481481481 0.15885416666666666 0.7731481481481481
0 0.18098958333333334 0.7129629629629629 0.1796875 0.7314814814814815 0.19140625 0.7523148148148148 0.22265625 0.7615740740740741 0.24479166666666666 0.7777777777777778 0.2604166666666667 0.7685185185185185 0.2708333333333333 0.7384259259259259 0.2630208333333333 0.7106481481481481 0.20442708333333334 0.6851851851851852 0.19140625 0.6875
0 0.2109375 0.6342592592592593 0.20963541666666666 0.6574074074074074 0.21875 0.6712962962962963 0.2513020833333333 0.6782407407407407 0.26953125 0.6921296296296297 0.2864583333333333 0.6851851851851852 0.2955729166666667 0.6597222222222222 0.2890625 0.6342592592592593 0.2643229166666667 0.6180555555555556 0.22526041666666666 0.6087962962962963
0 0.23958333333333334 0.5509259259259259 0.23567708333333334 0.5810185185185185 0.25390625 0.6041666666666666 0.2669270833333333 0.6018518518518519 0.3033854166666667 0.6157407407407407 0.3138020833333333 0.6018518518518519 0.31640625 0.5879629629629629 0.3125 0.5625 0.2916666666666667 0.5462962962962963 0.24609375 0.5393518518518519
0 0.2630208333333333 0.4930555555555556 0.2630208333333333 0.5162037037037037 0.2760416666666667 0.5347222222222222 0.3268229166666667 0.5486111111111112 0.3385416666666667 0.5254629629629629 0.3359375 0.5023148148148148 0.30859375 0.48148148148148145 0.2747395833333333 0.4722222222222222
0 0.08723958333333333 0.6666666666666666 0.0859375 0.6828703703703703 0.09505208333333333 0.7013888888888888 0.11588541666666667 0.7037037037037037 0.14453125 0.7199074074074074 0.15885416666666666 0.7129629629629629 0.171875 0.6805555555555556 0.16927083333333334 0.6666666666666666 0.15625 0.6550925925925926 0.12369791666666667 0.6412037037037037 0.10286458333333333 0.6412037037037037
0 0.11979166666666667 0.5949074074074074 0.11848958333333333 0.6087962962962963 0.12890625 0.6296296296296297 0.15755208333333334 0.6342592592592593 0.17317708333333334 0.6481481481481481 0.18619791666666666 0.6412037037037037 0.20052083333333334 0.6087962962962963 0.19921875 0.5949074074074074 0.18489583333333334 0.5810185185185185 0.15494791666666666 0.5694444444444444 0.13151041666666666 0.5717592592592593
0 0.17708333333333334 0.4652777777777778 0.17708333333333334 0.48842592592592593 0.18619791666666666 0.5023148148148148 0.203125 0.5 0.22526041666666666 0.5138888888888888 0.23958333333333334 0.5069444444444444 0.25 0.4791666666666667 0.23828125 0.45601851851851855 0.20963541666666666 0.4444444444444444 0.1875 0.44675925925925924
0 0.20442708333333334 0.4097222222222222 0.20442708333333334 0.42592592592592593 0.21614583333333334 0.4398148148148148 0.23046875 0.4375 0.2552083333333333 0.4513888888888889 0.2669270833333333 0.44212962962962965 0.2747395833333333 0.41898148148148145 0.2682291666666667 0.39814814814814814 0.23697916666666666 0.38657407407407407 0.21614583333333334 0.3888888888888889
0 0.28515625 0.43287037037037035 0.28515625 0.46064814814814814 0.30078125 0.47685185185185186 0.34375 0.49074074074074076 0.3580729166666667 0.4652777777777778 0.3528645833333333 0.44212962962962965 0.3190104166666667 0.4212962962962963 0.2942708333333333 0.4166666666666667
0 0.4401041666666667 0.6851851851851852 0.4388020833333333 0.7152777777777778 0.4453125 0.7245370370370371 0.4986979166666667 0.7476851851851852 0.5182291666666666 0.7453703703703703 0.5260416666666666 0.7129629629629629 0.5182291666666666 0.6898148148148148 0.4739583333333333 0.6689814814814815 0.4518229166666667 0.6666666666666666
0 0.4205729166666667 0.7731481481481481 0.4205729166666667 0.7986111111111112 0.4309895833333333 0.8148148148148148 0.48046875 0.8356481481481481 0.4973958333333333 0.8379629629629629 0.5091145833333334 0.8101851851851852 0.5104166666666666 0.7916666666666666 0.50390625 0.7754629629629629 0.4752604166666667 0.7592592592592593 0.4348958333333333 0.7476851851851852
0 0.40234375 0.8541666666666666 0.3971354166666667 0.8865740740740741 0.4049479166666667 0.9050925925925926 0.4661458333333333 0.9351851851851852 0.48046875 0.9351851851851852 0.48828125 0.9236111111111112 0.4921875 0.8819444444444444 0.4856770833333333 0.8680555555555556 0.42578125 0.8402777777777778 0.4114583333333333 0.8402777777777778
0 0.5169270833333334 0.8981481481481481 0.515625 0.9398148148148148 0.5325520833333334 0.9606481481481481 0.5572916666666666 0.9629629629629629 0.5950520833333334 0.9884259259259259 0.6119791666666666 0.9837962962962963 0.6171875 0.9699074074074074 0.6197916666666666 0.9351851851851852 0.609375 0.9074074074074074 0.5338541666666666 0.875 0.5221354166666666 0.875
0 0.5325520833333334 0.7777777777777778 0.5286458333333334 0.8217592592592593 0.54296875 0.8449074074074074 0.5755208333333334 0.8518518518518519 0.6041666666666666 0.8726851851851852 0.6197916666666666 0.8680555555555556 0.6263020833333334 0.8495370370370371 0.6276041666666666 0.8194444444444444 0.6197916666666666 0.8009259259259259 0.55078125 0.7662037037037037 0.5390625 0.7662037037037037
0 0.55859375 0.5995370370370371 0.5598958333333334 0.6226851851851852 0.5729166666666666 0.6412037037037037 0.6002604166666666 0.6458333333333334 0.62109375 0.6666666666666666 0.63671875 0.6666666666666666 0.6419270833333334 0.6597222222222222 0.64453125 0.6157407407407407 0.61328125 0.5856481481481481 0.5729166666666666 0.5694444444444444 0.5625 0.5810185185185185
0 0.4583333333333333 0.6111111111111112 0.4557291666666667 0.6342592592592593 0.4609375 0.6435185185185185 0.5143229166666666 0.6712962962962963 0.5299479166666666 0.6689814814814815 0.5377604166666666 0.6365740740740741 0.5299479166666666 0.6157407407407407 0.48828125 0.5949074074074074 0.4674479166666667 0.5925925925925926
0 0.4752604166666667 0.5416666666666666 0.4739583333333333 0.5601851851851852 0.4830729166666667 0.5740740740740741 0.5286458333333334 0.5949074074074074 0.5442708333333334 0.5925925925925926 0.5520833333333334 0.5671296296296297 0.546875 0.5462962962962963 0.5130208333333334 0.5254629629629629 0.484375 0.5208333333333334
0 0.4908854166666667 0.47453703703703703 0.48828125 0.5023148148148148 0.5013020833333334 0.5185185185185185 0.5494791666666666 0.5300925925925926 0.5638020833333334 0.5115740740740741 0.5611979166666666 0.48148148148148145 0.5416666666666666 0.4675925925925926 0.5013020833333334 0.46296296296296297
0 0.5013020833333334 0.4212962962962963 0.5013020833333334 0.44212962962962965 0.5169270833333334 0.45601851851851855 0.5403645833333334 0.4537037037037037 0.5533854166666666 0.4652777777777778 0.5611979166666666 0.4583333333333333 0.5598958333333334 0.4166666666666667 0.51171875 0.4050925925925926
0 0.58203125 0.4675925925925926 0.5807291666666666 0.48842592592592593 0.5872395833333334 0.5023148148148148 0.6354166666666666 0.5231481481481481 0.6549479166666666 0.5208333333333334 0.6588541666666666 0.5115740740740741 0.66015625 0.47685185185185186 0.6276041666666666 0.44907407407407407 0.5911458333333334 0.4398148148148148
0 0.5963541666666666 0.38425925925925924 0.59375 0.41898148148148145 0.6015625 0.4351851851851852 0.6510416666666666 0.45601851851851855 0.66796875 0.44907407407407407 0.6705729166666666 0.41898148148148145 0.6666666666666666 0.4074074074074074 0.6197916666666666 0.3773148148148148 0.6028645833333334 0.375
0 0.60546875 0.33101851851851855 0.60546875 0.37037037037037035 0.6432291666666666 0.38425925925925924 0.65625 0.39814814814814814 0.6705729166666666 0.3958333333333333 0.6744791666666666 0.38657407407407407 0.67578125 0.35648148148148145 0.671875 0.3472222222222222 0.6158854166666666 0.3194444444444444
0 0.52734375 0.3125 0.5247395833333334 0.33796296296296297 0.5299479166666666 0.3449074074074074 0.5533854166666666 0.35648148148148145 0.5598958333333334 0.3472222222222222 0.5690104166666666 0.3472222222222222 0.5755208333333334 0.3587962962962963 0.5846354166666666 0.3587962962962963 0.58984375 0.34953703703703703 0.5872395833333334 0.32175925925925924 0.5755208333333334 0.3101851851851852 0.5442708333333334 0.30324074074074076
0 0.5143229166666666 0.3680555555555556 0.51171875 0.3819444444444444 0.5221354166666666 0.4027777777777778 0.57421875 0.4166666666666667 0.58203125 0.40046296296296297 0.5807291666666666 0.3773148148148148 0.5481770833333334 0.35648148148148145 0.5234375 0.3541666666666667
0 0.7877604166666666 0.5740740740740741 0.78515625 0.6087962962962963 0.7994791666666666 0.6296296296296297 0.8111979166666666 0.6157407407407407 0.8125 0.6018518518518519 0.8203125 0.5972222222222222 0.8580729166666666 0.6018518518518519 0.8658854166666666 0.6203703703703703 0.8658854166666666 0.6435185185185185 0.8776041666666666 0.625 0.8763020833333334 0.5949074074074074 0.8528645833333334 0.5763888888888888 0.8059895833333334 0.5671296296296297
0 0.7877604166666666 0.5069444444444444 0.7864583333333334 0.5370370370370371 0.7994791666666666 0.5555555555555556 0.8372395833333334 0.5601851851851852 0.8567708333333334 0.5717592592592593 0.8723958333333334 0.5601851851851852 0.875 0.5462962962962963 0.8723958333333334 0.5138888888888888 0.8619791666666666 0.5069444444444444 0.80859375 0.49537037037037035 0.7955729166666666 0.49537037037037035
0 0.7903645833333334 0.38425925925925924 0.7890625 0.4097222222222222 0.80078125 0.42592592592592593 0.8229166666666666 0.4236111111111111 0.85546875 0.4351851851851852 0.8658854166666666 0.43287037037037035 0.8697916666666666 0.41435185185185186 0.8671875 0.38657407407407407 0.8515625 0.3773148148148148 0.8203125 0.37037037037037035 0.796875 0.375
0 0.7890625 0.4444444444444444 0.7877604166666666 0.4722222222222222 0.7994791666666666 0.49074074074074076 0.8580729166666666 0.5023148148148148 0.8684895833333334 0.49537037037037035 0.8736979166666666 0.47453703703703703 0.8736979166666666 0.4583333333333333 0.8645833333333334 0.44212962962962965 0.8307291666666666 0.4305555555555556 0.7994791666666666 0.4305555555555556
0 0.8958333333333334 0.4791666666666667 0.8971354166666666 0.5092592592592593 0.9075520833333334 0.5185185185185185 0.9244791666666666 0.47685185185185186 0.9075520833333334 0.46296296296296297
0 0.9361979166666666 0.4722222222222222 0.9192708333333334 0.5231481481481481 0.96484375 0.5462962962962963 0.9765625 0.5462962962962963 0.9817708333333334 0.5370370370370371 0.984375 0.5208333333333334 0.9765625 0.4976851851851852
0 0.9010416666666666 0.5625 0.8997395833333334 0.5763888888888888 0.9088541666666666 0.5925925925925926 0.9348958333333334 0.5949074074074074 0.9635416666666666 0.6134259259259259 0.98046875 0.6111111111111112 0.98828125 0.5925925925925926 0.98828125 0.5787037037037037 0.9791666666666666 0.5601851851851852 0.9296875 0.5300925925925926 0.9153645833333334 0.5277777777777778
0 0.90625 0.6018518518518519 0.90625 0.6226851851851852 0.92578125 0.6319444444444444 0.9348958333333334 0.6273148148148148 0.9518229166666666 0.6504629629629629 0.9674479166666666 0.6412037037037037 0.9752604166666666 0.6458333333333334 0.9765625 0.6296296296296297 0.9869791666666666 0.6458333333333334 0.9908854166666666 0.6435185185185185 0.953125 0.6087962962962963
0 0.8932291666666666 0.41435185185185186 0.89453125 0.44212962962962965 0.90625 0.4583333333333333 0.9270833333333334 0.4583333333333333 0.953125 0.47453703703703703 0.9635416666666666 0.47453703703703703 0.9765625 0.46064814814814814 0.9739583333333334 0.4305555555555556 0.94921875 0.4097222222222222 0.91015625 0.39814814814814814
0 0.8893229166666666 0.3541666666666667 0.890625 0.3819444444444444 0.9036458333333334 0.39814814814814814 0.91796875 0.39351851851851855 0.95703125 0.4074074074074074 0.9674479166666666 0.3958333333333333 0.96875 0.375 0.9557291666666666 0.3541666666666667 0.9166666666666666 0.3402777777777778 0.8997395833333334 0.3402777777777778
0 0.88671875 0.30092592592592593 0.8854166666666666 0.32175925925925924 0.8958333333333334 0.33796296296296297 0.9270833333333334 0.3402777777777778 0.9479166666666666 0.35185185185185186 0.9635416666666666 0.3425925925925926 0.9622395833333334 0.3194444444444444 0.9544270833333334 0.3194444444444444 0.9479166666666666 0.30324074074074076 0.9348958333333334 0.29398148148148145 0.8958333333333334 0.28703703703703703
0 0.8854166666666666 0.2523148148148148 0.8854166666666666 0.27546296296296297 0.8919270833333334 0.2847222222222222 0.92578125 0.28935185185185186 0.9479166666666666 0.30092592592592593 0.9596354166666666 0.2916666666666667 0.9596354166666666 0.2708333333333333 0.9544270833333334 0.26157407407407407 0.9283854166666666 0.24305555555555555 0.89453125 0.2361111111111111
0 0.88671875 0.19907407407407407 0.8828125 0.2199074074074074 0.8893229166666666 0.2361111111111111 0.9114583333333334 0.2361111111111111 0.9427083333333334 0.2523148148148148 0.94921875 0.2523148148148148 0.9557291666666666 0.23842592592592593 0.953125 0.2199074074074074 0.92578125 0.19675925925925927 0.8958333333333334 0.19212962962962962
0 0.8841145833333334 0.1550925925925926 0.8815104166666666 0.17824074074074073 0.8932291666666666 0.18981481481481483 0.921875 0.19212962962962962 0.9361979166666666 0.2013888888888889 0.9453125 0.19907407407407407 0.94921875 0.18981481481481483 0.9453125 0.16666666666666666 0.9388020833333334 0.16898148148148148 0.9270833333333334 0.1527777777777778 0.890625 0.14583333333333334
0 0.8815104166666666 0.12731481481481483 0.8802083333333334 0.13657407407407407 0.88671875 0.14814814814814814 0.9205729166666666 0.14814814814814814 0.9388020833333334 0.16203703703703703 0.9466145833333334 0.1574074074074074 0.94921875 0.14583333333333334 0.9427083333333334 0.125 0.9140625 0.10648148148148148 0.8919270833333334 0.10416666666666667
0 0.7994791666666666 0.14814814814814814 0.7994791666666666 0.1712962962962963 0.8098958333333334 0.18287037037037038 0.828125 0.17824074074074073 0.85546875 0.18981481481481483 0.8671875 0.18287037037037038 0.87109375 0.16666666666666666 0.8645833333333334 0.13657407407407407 0.8268229166666666 0.13194444444444445 0.8072916666666666 0.13657407407407407
0 0.80078125 0.09953703703703703 0.7994791666666666 0.12268518518518519 0.8125 0.13657407407407407 0.8307291666666666 0.12962962962962962 0.86328125 0.13657407407407407 0.8684895833333334 0.12268518518518519 0.8684895833333334 0.10648148148148148 0.8606770833333334 0.09259259259259259 0.8294270833333334 0.08796296296296297
0 0.8020833333333334 0.05787037037037037 0.7994791666666666 0.08333333333333333 0.8072916666666666 0.09259259259259259 0.8294270833333334 0.08564814814814815 0.8619791666666666 0.09259259259259259 0.8658854166666666 0.0787037037037037 0.8619791666666666 0.05324074074074074 0.83203125 0.04861111111111111
0 0.80078125 0.03009259259259259 0.80078125 0.05324074074074074 0.828125 0.046296296296296294 0.8619791666666666 0.05092592592592592 0.8645833333333334 0.037037037037037035 0.8606770833333334 0.020833333333333332 0.8424479166666666 0.016203703703703703 0.8229166666666666 0.016203703703703703
0 0.6119791666666666 0.2847222222222222 0.61328125 0.31712962962962965 0.640625 0.32407407407407407 0.6575520833333334 0.33796296296296297 0.67578125 0.33796296296296297 0.6822916666666666 0.32175925925925924 0.6783854166666666 0.2986111111111111 0.6549479166666666 0.2800925925925926 0.6197916666666666 0.2708333333333333
0 0.5377604166666666 0.26157407407407407 0.53515625 0.2847222222222222 0.546875 0.2986111111111111 0.5911458333333334 0.3055555555555556 0.6002604166666666 0.2916666666666667 0.6002604166666666 0.26851851851851855 0.5872395833333334 0.25925925925925924 0.5455729166666666 0.25462962962962965
0 0.546875 0.2199074074074074 0.5455729166666666 0.23842592592592593 0.55078125 0.2523148148148148 0.6015625 0.2638888888888889 0.609375 0.24305555555555555 0.60546875 0.22453703703703703 0.5859375 0.21296296296296297 0.5651041666666666 0.21064814814814814
0 0.62109375 0.2361111111111111 0.6197916666666666 0.26157407407407407 0.6236979166666666 0.26851851851851855 0.6549479166666666 0.2777777777777778 0.6731770833333334 0.2916666666666667 0.6861979166666666 0.2847222222222222 0.68359375 0.25 0.640625 0.22453703703703703 0.6276041666666666 0.22453703703703703
0 0.62890625 0.18981481481481483 0.6263020833333334 0.2199074074074074 0.6497395833333334 0.22453703703703703 0.6809895833333334 0.24537037037037038 0.69140625 0.23842592592592593 0.6927083333333334 0.20833333333333334 0.6875 0.19907407407407407 0.6484375 0.18055555555555555 0.6354166666666666 0.18055555555555555
0 0.63671875 0.14583333333333334 0.6393229166666666 0.17824074074074073 0.6614583333333334 0.18055555555555555 0.68359375 0.19675925925925927 0.6940104166666666 0.19444444444444445 0.6979166666666666 0.18287037037037038 0.69921875 0.16203703703703703 0.6731770833333334 0.1388888888888889 0.64453125 0.13425925925925927
0 0.6419270833333334 0.1111111111111111 0.6432291666666666 0.13194444444444445 0.6692708333333334 0.13425925925925927 0.6861979166666666 0.15046296296296297 0.69921875 0.1527777777777778 0.703125 0.13657407407407407 0.7005208333333334 0.11342592592592593 0.67578125 0.09722222222222222 0.6510416666666666 0.09259259259259259
0 0.65234375 0.05787037037037037 0.6510416666666666 0.09027777777777778 0.6953125 0.10648148148148148 0.70703125 0.09722222222222222 0.7083333333333334 0.07407407407407407 0.6848958333333334 0.05324074074074074 0.6627604166666666 0.04861111111111111
0 0.58984375 0.03009259259259259 0.5924479166666666 0.04861111111111111 0.6171875 0.046296296296296294 0.63671875 0.05555555555555555 0.6432291666666666 0.04398148148148148 0.63671875 0.02546296296296296 0.6223958333333334 0.016203703703703703 0.59765625 0.018518518518518517
0 0.5859375 0.05555555555555555 0.5833333333333334 0.0763888888888889 0.5950520833333334 0.08564814814814815 0.6302083333333334 0.09259259259259259 0.6380208333333334 0.0763888888888889 0.6354166666666666 0.05787037037037037 0.6197916666666666 0.04861111111111111
0 0.57421875 0.10416666666666667 0.5729166666666666 0.11574074074074074 0.5807291666666666 0.12731481481481483 0.6223958333333334 0.13657407407407407 0.6302083333333334 0.12037037037037036 0.6263020833333334 0.10185185185185185 0.609375 0.09027777777777778 0.58203125 0.09259259259259259
0 0.56640625 0.1388888888888889 0.5651041666666666 0.1597222222222222 0.5716145833333334 0.16666666666666666 0.6158854166666666 0.17824074074074073 0.6236979166666666 0.1574074074074074 0.62109375 0.1412037037037037 0.5989583333333334 0.12962962962962962 0.5716145833333334 0.13194444444444445
0 0.55859375 0.17592592592592593 0.5559895833333334 0.2013888888888889 0.5638020833333334 0.20833333333333334 0.5807291666666666 0.20833333333333334 0.6015625 0.2199074074074074 0.6119791666666666 0.2199074074074074 0.6158854166666666 0.20833333333333334 0.6158854166666666 0.1875 0.5989583333333334 0.1736111111111111 0.578125 0.16898148148148148
0 0.3072916666666667 0.3726851851851852 0.3046875 0.40046296296296297 0.3138020833333333 0.41435185185185186 0.3645833333333333 0.4305555555555556 0.375 0.4074074074074074 0.37109375 0.38657407407407407 0.34765625 0.3680555555555556 0.31640625 0.3611111111111111
0 0.3307291666666667 0.3125 0.32421875 0.3287037037037037 0.328125 0.35648148148148145 0.3736979166666667 0.3773148148148148 0.3893229166666667 0.36574074074074076 0.390625 0.3472222222222222 0.3854166666666667 0.33564814814814814 0.3463541666666667 0.3101851851851852
0 0.3424479166666667 0.2777777777777778 0.3424479166666667 0.2986111111111111 0.36328125 0.3148148148148148 0.3958333333333333 0.32407407407407407 0.4075520833333333 0.30787037037037035 0.4049479166666667 0.2824074074074074 0.37890625 0.2638888888888889 0.35546875 0.2569444444444444
0 0.3606770833333333 0.22685185185185186 0.3606770833333333 0.25 0.3697916666666667 0.25925925925925924 0.4049479166666667 0.27314814814814814 0.4127604166666667 0.27314814814814814 0.421875 0.25925925925925924 0.4205729166666667 0.24074074074074073 0.3984375 0.2175925925925926 0.3697916666666667 0.21064814814814814
0 0.3802083333333333 0.1736111111111111 0.375 0.19212962962962962 0.3763020833333333 0.20833333333333334 0.4192708333333333 0.23148148148148148 0.4348958333333333 0.2199074074074074 0.4361979166666667 0.19675925925925927 0.4140625 0.17592592592592593 0.39453125 0.16898148148148148
0 0.3932291666666667 0.1388888888888889 0.390625 0.16435185185185186 0.3971354166666667 0.16898148148148148 0.43359375 0.1875 0.44921875 0.1712962962962963 0.44921875 0.1550925925925926 0.4296875 0.13657407407407407 0.3984375 0.12962962962962962
0 0.4075520833333333 0.10185185185185185 0.4049479166666667 0.125 0.44921875 0.15046296296296297 0.4622395833333333 0.12962962962962962 0.4596354166666667 0.11342592592592593 0.43359375 0.09490740740740741 0.4140625 0.09259259259259259
0 0.41796875 0.07175925925925926 0.4166666666666667 0.08796296296296297 0.421875 0.09259259259259259 0.4440104166666667 0.09722222222222222 0.45703125 0.1087962962962963 0.4661458333333333 0.1087962962962963 0.4713541666666667 0.09953703703703703 0.46875 0.0763888888888889 0.4453125 0.06018518518518518 0.42578125 0.05787037037037037
0 0.4309895833333333 0.03935185185185185 0.4322916666666667 0.05555555555555555 0.47265625 0.07407407407407407 0.4830729166666667 0.06018518518518518 0.4830729166666667 0.04398148148148148 0.4635416666666667 0.027777777777777776 0.4388020833333333 0.023148148148148147
0 0.3515625 0.0625 0.3515625 0.08101851851851852 0.3723958333333333 0.08101851851851852 0.390625 0.09490740740740741 0.4036458333333333 0.08101851851851852 0.4010416666666667 0.05787037037037037 0.38671875 0.04861111111111111 0.3671875 0.04861111111111111
0 0.3372395833333333 0.09722222222222222 0.3372395833333333 0.11574074074074074 0.36328125 0.11805555555555555 0.37890625 0.13194444444444445 0.390625 0.1111111111111111 0.3854166666666667 0.09027777777777778 0.3723958333333333 0.08333333333333333 0.3450520833333333 0.08564814814814815
0 0.3229166666666667 0.12731481481481483 0.3203125 0.14583333333333334 0.32421875 0.1527777777777778 0.3658854166666667 0.16435185185185186 0.3763020833333333 0.14814814814814814 0.3763020833333333 0.13194444444444445 0.359375 0.11805555555555555 0.328125 0.12037037037037036
0 0.3229166666666667 0.12731481481481483 0.3203125 0.14583333333333334 0.32421875 0.1527777777777778 0.3658854166666667 0.16435185185185186 0.3763020833333333 0.14814814814814814 0.3763020833333333 0.13194444444444445 0.359375 0.11805555555555555 0.328125 0.12037037037037036
0 0.3059895833333333 0.16898148148148148 0.30859375 0.18518518518518517 0.2994791666666667 0.18287037037037038 0.30078125 0.18981481481481483 0.3151041666666667 0.18518518518518517 0.3177083333333333 0.19444444444444445 0.3489583333333333 0.20601851851851852 0.36328125 0.18518518518518517 0.36328125 0.1736111111111111 0.3567708333333333 0.16203703703703703 0.3372395833333333 0.1550925925925926 0.3138020833333333 0.1574074074074074
0 0.2890625 0.20833333333333334 0.2864583333333333 0.22916666666666666 0.2916666666666667 0.23842592592592593 0.3125 0.24537037037037038 0.3216145833333333 0.23842592592592593 0.3307291666666667 0.2523148148148148 0.34765625 0.22916666666666666 0.3450520833333333 0.21064814814814814 0.3385416666666667 0.2013888888888889 0.3177083333333333 0.19444444444444445 0.3151041666666667 0.20601851851851852 0.3046875 0.19675925925925927
0 0.26953125 0.2523148148148148 0.2669270833333333 0.26851851851851855 0.2721354166666667 0.2847222222222222 0.3125 0.2962962962962963 0.3190104166666667 0.29398148148148145 0.328125 0.26851851851851855 0.3138020833333333 0.24537037037037038 0.27734375 0.24305555555555555
0 0.25 0.30092592592592593 0.25 0.3287037037037037 0.2916666666666667 0.3449074074074074 0.3046875 0.3402777777777778 0.3125 0.3194444444444444 0.30859375 0.2986111111111111 0.28125 0.28703703703703703 0.2578125 0.28935185185185186
0 0.0234375 0.3587962962962963 0.022135416666666668 0.3773148148148148 0.036458333333333336 0.40046296296296297 0.055989583333333336 0.40046296296296297 0.0859375 0.41435185185185186 0.1015625 0.3888888888888889 0.09635416666666667 0.3680555555555556 0.06770833333333333 0.3472222222222222 0.032552083333333336 0.3425925925925926
0 0.05859375 0.3055555555555556 0.05859375 0.3263888888888889 0.07161458333333333 0.3449074074074074 0.11067708333333333 0.3611111111111111 0.12890625 0.33796296296296297 0.12239583333333333 0.3148148148148148 0.08984375 0.29398148148148145 0.06770833333333333 0.28935185185185186
0 0.13020833333333334 0.18055555555555555 0.12890625 0.2013888888888889 0.140625 0.2199074074074074 0.16536458333333334 0.22453703703703703 0.17447916666666666 0.2361111111111111 0.19270833333333334 0.21296296296296297 0.18880208333333334 0.19675925925925927 0.1640625 0.17592592592592593 0.13671875 0.16898148148148148
0 0.17447916666666666 0.09722222222222222 0.17317708333333334 0.12037037037037036 0.18489583333333334 0.1412037037037037 0.19661458333333334 0.13657407407407407 0.22005208333333334 0.15046296296296297 0.234375 0.13194444444444445 0.23177083333333334 0.11342592592592593 0.203125 0.09259259259259259 0.18098958333333334 0.08796296296296297
0 0.20052083333333334 0.06018518518518518 0.19661458333333334 0.07407407407407407 0.19921875 0.09027777777777778 0.23177083333333334 0.1087962962962963 0.2421875 0.10416666666666667 0.25 0.08796296296296297 0.24479166666666666 0.07407407407407407 0.23046875 0.0625 0.21354166666666666 0.05555555555555555
0 0.21484375 0.02546296296296296 0.21223958333333334 0.04861111111111111 0.21744791666666666 0.05555555555555555 0.25390625 0.07407407407407407 0.2682291666666667 0.0625 0.26953125 0.04861111111111111 0.25 0.027777777777777776 0.23567708333333334 0.020833333333333332
0 0.4427083333333333 0 0.4427083333333333 0.020833333333333332 0.4635416666666667 0.02546296296296296 0.4791666666666667 0.03935185185185185 0.4934895833333333 0.03009259259259259 0.4947916666666667 0.013888888888888888 0.4817708333333333 0
0 0.010416666666666666 0.023148148148148147 0 0.023148148148148147 0 0.06712962962962964 0.016927083333333332 0.0787037037037037 0.040364583333333336 0.06712962962962964 0.041666666666666664 0.05787037037037037 0.036458333333333336 0.046296296296296294
0 0.016927083333333332 0.0023148148148148147 0.018229166666666668 0.023148148148148147 0.03515625 0.03935185185185185 0.0546875 0.04398148148148148 0.06640625 0.03009259259259259 0.06640625 0.016203703703703703 0.052083333333333336 0
0 0.8776041666666666 0.04398148148148148 0.8802083333333334 0.06712962962962964 0.90234375 0.05787037037037037 0.9205729166666666 0.06481481481481481 0.9309895833333334 0.0787037037037037 0.9361979166666666 0.0787037037037037 0.9388020833333334 0.06712962962962964 0.9348958333333334 0.04861111111111111 0.9049479166666666 0.03009259259259259 0.8880208333333334 0.03009259259259259
0 0.875 0.013888888888888888 0.87890625 0.032407407407407406 0.9010416666666666 0.027777777777777776 0.9036458333333334 0.03935185185185185 0.90234375 0.03009259259259259 0.90625 0.02546296296296296 0.9140625 0.027777777777777776 0.9140625 0.03935185185185185 0.9348958333333334 0.03935185185185185 0.93359375 0.016203703703703703 0.9166666666666666 0.009259259259259259 0.9140625 0 0.8815104166666666 0
0 0.234375 0 0.234375 0.018518518518518517 0.26953125 0.04398148148148148 0.2838541666666667 0.02546296296296296 0.2825520833333333 0.013888888888888888 0.2682291666666667 0
0 0.006510416666666667 0.4861111111111111 0 0.4861111111111111 0.0026041666666666665 0.5532407407407407 0.01953125 0.5462962962962963 0.032552083333333336 0.5185185185185185 0.026041666666666668 0.5
