0 0.07421875 0.3402777777777778 0.0703125 0.4050925925925926 0.07682291666666667 0.4305555555555556 0.08854166666666667 0.4513888888888889 0.09895833333333333 0.4097222222222222 0.09895833333333333 0.34953703703703703 0.09114583333333333 0.3263888888888889 0.08072916666666667 0.3263888888888889
0 0.15494791666666666 0.3402777777777778 0.15364583333333334 0.3958333333333333 0.15755208333333334 0.4305555555555556 0.16015625 0.44212962962962965 0.17578125 0.4513888888888889 0.18489583333333334 0.3958333333333333 0.18359375 0.33796296296296297 0.17057291666666666 0.3125 0.15885416666666666 0.3194444444444444
0 0.22395833333333334 0.33796296296296297 0.2265625 0.38657407407407407 0.22265625 0.4097222222222222 0.23046875 0.44675925925925924 0.23958333333333334 0.46064814814814814 0.2552083333333333 0.4166666666666667 0.25 0.3958333333333333 0.2513020833333333 0.36574074074074076 0.2421875 0.32407407407407407 0.23307291666666666 0.32175925925925924
0 0.2903645833333333 0.3402777777777778 0.2890625 0.3888888888888889 0.2994791666666667 0.42824074074074076 0.3098958333333333 0.4444444444444444 0.3190104166666667 0.37962962962962965 0.3138020833333333 0.32407407407407407 0.30078125 0.3101851851851852
0 0.3776041666666667 0.3263888888888889 0.375 0.41435185185185186 0.3880208333333333 0.4513888888888889 0.3984375 0.4537037037037037 0.40625 0.43287037037037035 0.4114583333333333 0.31712962962962965 0.41015625 0.3101851851851852 0.40234375 0.3101851851851852 0.39453125 0.3263888888888889
0 0.46484375 0.36574074074074076 0.4622395833333333 0.42592592592592593 0.47265625 0.47685185185185186 0.4869791666666667 0.4537037037037037 0.4856770833333333 0.4375 0.4908854166666667 0.4305555555555556 0.4791666666666667 0.4212962962962963 0.484375 0.3888888888888889 0.48046875 0.35185185185185186 0.4713541666666667 0.3449074074074074
0 0.5208333333333334 0.33796296296296297 0.5182291666666666 0.4444444444444444 0.5299479166666666 0.4652777777777778 0.54296875 0.44907407407407407 0.5494791666666666 0.4236111111111111 0.5403645833333334 0.40046296296296297 0.5403645833333334 0.3587962962962963 0.5494791666666666 0.3472222222222222 0.5338541666666666 0.33101851851851855
0 0.5768229166666666 0.3912037037037037 0.5768229166666666 0.44907407407407407 0.5846354166666666 0.47685185185185186 0.5911458333333334 0.47685185185185186 0.6119791666666666 0.44907407407407407 0.6119791666666666 0.42824074074074076 0.6015625 0.42592592592592593 0.5963541666666666 0.41203703703703703 0.5989583333333334 0.3680555555555556 0.5950520833333334 0.3472222222222222 0.5872395833333334 0.3449074074074074 0.578125 0.3587962962962963
0 0.671875 0.20833333333333334 0.6705729166666666 0.26157407407407407 0.6640625 0.2777777777777778 0.66796875 0.28935185185185186 0.6653645833333334 0.3101851851851852 0.6705729166666666 0.32407407407407407 0.70703125 0.27314814814814814 0.703125 0.25925925925925924 0.6901041666666666 0.2662037037037037 0.6861979166666666 0.2569444444444444 0.69140625 0.2175925925925926 0.7005208333333334 0.19675925925925927 0.68359375 0.18981481481481483
0 0.73828125 0.2037037037037037 0.73828125 0.2222222222222222 0.73046875 0.24768518518518517 0.73828125 0.2662037037037037 0.7434895833333334 0.30787037037037035 0.7526041666666666 0.3125 0.7578125 0.2847222222222222 0.7825520833333334 0.25925925925925924 0.78515625 0.24768518518518517 0.7760416666666666 0.24305555555555555 0.7669270833333334 0.2523148148148148 0.76171875 0.24074074074074073 0.7669270833333334 0.19907407407407407 0.7734375 0.1875 0.7526041666666666 0.18287037037037038
0 0.8216145833333334 0.33796296296296297 0.8177083333333334 0.4305555555555556 0.8203125 0.44907407407407407 0.828125 0.4583333333333333 0.8372395833333334 0.44675925925925924 0.8541666666666666 0.44212962962962965 0.859375 0.42824074074074076 0.8658854166666666 0.3912037037037037 0.8658854166666666 0.32175925925925924 0.8619791666666666 0.3148148148148148 0.8489583333333334 0.3148148148148148 0.8450520833333334 0.3263888888888889 0.828125 0.3287037037037037
0 0.7526041666666666 0.36574074074074076 0.7513020833333334 0.40046296296296297 0.7408854166666666 0.4583333333333333 0.7473958333333334 0.47453703703703703 0.7721354166666666 0.45601851851851855 0.7760416666666666 0.4444444444444444 0.7747395833333334 0.4212962962962963 0.78125 0.4236111111111111 0.7721354166666666 0.4050925925925926 0.78125 0.3587962962962963 0.7721354166666666 0.3472222222222222 0.7591145833333334 0.3472222222222222
0 0.7265625 0.3541666666666667 0.7278645833333334 0.36574074074074076 0.7135416666666666 0.4074074074074074 0.7135416666666666 0.4236111111111111 0.7044270833333334 0.4398148148148148 0.7096354166666666 0.47453703703703703 0.7174479166666666 0.47453703703703703 0.7291666666666666 0.46064814814814814 0.7447916666666666 0.4212962962962963 0.7486979166666666 0.3726851851851852 0.7395833333333334 0.35648148148148145
0 0.6380208333333334 0.41203703703703703 0.63671875 0.47685185185185186 0.66796875 0.46296296296296297 0.6692708333333334 0.44212962962962965 0.66015625 0.4305555555555556 0.66015625 0.4212962962962963 0.6640625 0.4212962962962963 0.6627604166666666 0.41435185185185186 0.67578125 0.37962962962962965 0.671875 0.35185185185185186 0.6497395833333334 0.3587962962962963
0 0.8255208333333334 0.7870370370370371 0.828125 0.8912037037037037 0.8385416666666666 0.9050925925925926 0.85546875 0.9027777777777778 0.8645833333333334 0.8888888888888888 0.86328125 0.8518518518518519 0.8684895833333334 0.8518518518518519 0.8502604166666666 0.8449074074074074 0.8619791666666666 0.7847222222222222 0.8372395833333334 0.7708333333333334
0 0.0625 0.6273148148148148 0.0703125 0.6736111111111112 0.06901041666666667 0.6921296296296297 0.061197916666666664 0.7013888888888888 0.06380208333333333 0.7106481481481481 0.07161458333333333 0.7268518518518519 0.09244791666666667 0.7268518518518519 0.09765625 0.6898148148148148 0.09114583333333333 0.6041666666666666 0.0859375 0.5949074074074074 0.06640625 0.5972222222222222
0 0.15755208333333334 0.6041666666666666 0.15364583333333334 0.6666666666666666 0.14322916666666666 0.6851851851851852 0.15234375 0.6875 0.15885416666666666 0.7175925925925926 0.16796875 0.7245370370370371 0.17447916666666666 0.7060185185185185 0.17447916666666666 0.6898148148148148 0.18098958333333334 0.6898148148148148 0.171875 0.6689814814814815 0.17578125 0.6504629629629629 0.17447916666666666 0.6018518518518519 0.16796875 0.5902777777777778
0 0.20182291666666666 0.6435185185185185 0.19921875 0.6990740740740741 0.203125 0.7222222222222222 0.21744791666666666 0.7384259259259259 0.2265625 0.7199074074074074 0.22786458333333334 0.6967592592592593 0.23697916666666666 0.6921296296296297 0.23697916666666666 0.6851851851851852 0.22786458333333334 0.6805555555555556 0.2265625 0.625 0.22005208333333334 0.6064814814814815 0.20703125 0.6111111111111112 0.20703125 0.6342592592592593
0 0.2838541666666667 0.6319444444444444 0.2864583333333333 0.7291666666666666 0.2890625 0.7384259259259259 0.3020833333333333 0.7430555555555556 0.3098958333333333 0.7152777777777778 0.3190104166666667 0.7060185185185185 0.3111979166666667 0.6944444444444444 0.3151041666666667 0.6805555555555556 0.30859375 0.6759259259259259 0.30859375 0.6643518518518519 0.3138020833333333 0.6574074074074074 0.2994791666666667 0.6157407407407407 0.2903645833333333 0.6180555555555556
0 0.3385416666666667 0.6319444444444444 0.3372395833333333 0.7175925925925926 0.34375 0.7384259259259259 0.3528645833333333 0.7407407407407407 0.3567708333333333 0.7361111111111112 0.3580729166666667 0.7013888888888888 0.3658854166666667 0.6875 0.3606770833333333 0.6759259259259259 0.359375 0.625 0.3541666666666667 0.6087962962962963 0.3463541666666667 0.6087962962962963
0 0.3815104166666667 0.6527777777777778 0.3815104166666667 0.7222222222222222 0.39453125 0.7361111111111112 0.40234375 0.7222222222222222 0.3984375 0.6851851851851852 0.4010416666666667 0.6319444444444444 0.3919270833333333 0.6134259259259259 0.3841145833333333 0.6203703703703703
0 0.4557291666666667 0.6689814814814815 0.4544270833333333 0.6828703703703703 0.4661458333333333 0.7013888888888888 0.4596354166666667 0.7245370370370371 0.4609375 0.7361111111111112 0.4739583333333333 0.7546296296296297 0.4778645833333333 0.75 0.4817708333333333 0.7037037037037037 0.4739583333333333 0.6365740740740741 0.4635416666666667 0.6296296296296297
0 0.78125 0.6157407407407407 0.7838541666666666 0.6550925925925926 0.7760416666666666 0.6689814814814815 0.7786458333333334 0.7106481481481481 0.79296875 0.7337962962962963 0.8111979166666666 0.7291666666666666 0.81640625 0.7175925925925926 0.8190104166666666 0.6736111111111112 0.8138020833333334 0.6712962962962963 0.8111979166666666 0.6875 0.8046875 0.6851851851851852 0.8046875 0.6736111111111112 0.8098958333333334 0.6597222222222222 0.8111979166666666 0.6180555555555556 0.8203125 0.6041666666666666 0.8125 0.6134259259259259 0.8098958333333334 0.6018518518518519 0.79296875 0.6018518518518519
0 0.703125 0.6365740740740741 0.6953125 0.6805555555555556 0.70703125 0.6828703703703703 0.7057291666666666 0.7476851851851852 0.7096354166666666 0.7615740740740741 0.7161458333333334 0.7615740740740741 0.7239583333333334 0.7476851851851852 0.7278645833333334 0.75 0.7408854166666666 0.7175925925925926 0.7317708333333334 0.7129629629629629 0.7252604166666666 0.6921296296296297 0.7356770833333334 0.6365740740740741 0.7278645833333334 0.6180555555555556
0 0.7421875 0.7939814814814815 0.7408854166666666 0.8402777777777778 0.7552083333333334 0.8865740740740741 0.7669270833333334 0.8865740740740741 0.7747395833333334 0.8680555555555556 0.7747395833333334 0.8472222222222222 0.78125 0.8564814814814815 0.7890625 0.8541666666666666 0.7877604166666666 0.8402777777777778 0.76953125 0.8495370370370371 0.765625 0.8449074074074074 0.76953125 0.7824074074074074 0.7578125 0.7638888888888888 0.7486979166666666 0.7638888888888888
0 0.6549479166666666 0.7777777777777778 0.65625 0.8935185185185185 0.6627604166666666 0.9004629629629629 0.6666666666666666 0.8888888888888888 0.6770833333333334 0.8865740740740741 0.6901041666666666 0.8680555555555556 0.6796875 0.8587962962962963 0.6744791666666666 0.8263888888888888 0.6770833333333334 0.7986111111111112 0.6901041666666666 0.7800925925925926 0.6901041666666666 0.7638888888888888 0.6875 0.7569444444444444 0.6731770833333334 0.7569444444444444 0.6666666666666666 0.7685185185185185 0.6575520833333334 0.7662037037037037
0 0.5885416666666666 0.7569444444444444 0.5833333333333334 0.8125 0.5872395833333334 0.8263888888888888 0.5846354166666666 0.8657407407407407 0.5911458333333334 0.8912037037037037 0.6041666666666666 0.8888888888888888 0.61328125 0.8541666666666666 0.60546875 0.8379629629629629 0.609375 0.7986111111111112 0.60546875 0.7546296296296297 0.5963541666666666 0.7569444444444444 0.5911458333333334 0.75
0 0.5455729166666666 0.7453703703703703 0.5377604166666666 0.7592592592592593 0.5416666666666666 0.8032407407407407 0.5390625 0.8564814814814815 0.5520833333333334 0.8865740740740741 0.5625 0.8888888888888888 0.5703125 0.8495370370370371 0.5677083333333334 0.7523148148148148 0.5651041666666666 0.7407407407407407
0 0.4973958333333333 0.7847222222222222 0.4934895833333333 0.8541666666666666 0.5013020833333334 0.8935185185185185 0.5052083333333334 0.9050925925925926 0.5182291666666666 0.8981481481481481 0.5260416666666666 0.9027777777777778 0.5325520833333334 0.8842592592592593 0.5325520833333334 0.8402777777777778 0.5234375 0.7986111111111112 0.5221354166666666 0.7662037037037037 0.5065104166666666 0.7638888888888888
0 0.4192708333333333 0.7962962962962963 0.41796875 0.8495370370370371 0.4244791666666667 0.8865740740740741 0.4388020833333333 0.8935185185185185 0.4427083333333333 0.8888888888888888 0.4427083333333333 0.8587962962962963 0.44921875 0.8472222222222222 0.4375 0.8333333333333334 0.4361979166666667 0.7962962962962963 0.4466145833333333 0.7870370370370371 0.4388020833333333 0.7824074074074074 0.4348958333333333 0.7893518518518519 0.4244791666666667 0.7800925925925926
0 0.33984375 0.7847222222222222 0.3372395833333333 0.8402777777777778 0.3411458333333333 0.8819444444444444 0.34765625 0.8912037037037037 0.3580729166666667 0.8912037037037037 0.3619791666666667 0.8819444444444444 0.3619791666666667 0.8541666666666666 0.3684895833333333 0.8402777777777778 0.3580729166666667 0.8379629629629629 0.36328125 0.8171296296296297 0.3541666666666667 0.7824074074074074 0.34765625 0.7708333333333334
0 0.22916666666666666 0.7407407407407407 0.22786458333333334 0.8587962962962963 0.22916666666666666 0.875 0.23307291666666666 0.8773148148148148 0.24088541666666666 0.8564814814814815 0.25 0.7986111111111112 0.23828125 0.7430555555555556 0.234375 0.7361111111111112
0 0.20052083333333334 0.7777777777777778 0.19661458333333334 0.875 0.20963541666666666 0.8865740740740741 0.21875 0.8657407407407407 0.22395833333333334 0.8148148148148148 0.22005208333333334 0.7569444444444444 0.21614583333333334 0.75 0.20572916666666666 0.7592592592592593
0 0.13932291666666666 0.7870370370370371 0.13932291666666666 0.8356481481481481 0.14453125 0.8657407407407407 0.13020833333333334 0.8726851851851852 0.12760416666666666 0.8865740740740741 0.13020833333333334 0.8935185185185185 0.140625 0.8912037037037037 0.14713541666666666 0.9027777777777778 0.16145833333333334 0.9027777777777778 0.16927083333333334 0.8819444444444444 0.171875 0.8518518518518519 0.16796875 0.7939814814814815 0.15885416666666666 0.7685185185185185 0.14973958333333334 0.7708333333333334
0 0.057291666666666664 0.8310185185185185 0.06640625 0.8680555555555556 0.053385416666666664 0.8842592592592593 0.053385416666666664 0.8935185185185185 0.07161458333333333 0.9120370370370371 0.08723958333333333 0.9097222222222222 0.09375 0.8634259259259259 0.109375 0.8333333333333334 0.10546875 0.8148148148148148 0.09244791666666667 0.8101851851851852 0.10026041666666667 0.7962962962962963 0.09244791666666667 0.7916666666666666 0.08463541666666667 0.7731481481481481 0.07682291666666667 0.7731481481481481
