2 0.6853294270833333 0.8827152777777778 0.68012109375 0.8989189814814815 0.68012109375 0.9220671296296297 0.6866315104166666 0.9961412037037037 0.7829856770833333 0.9961412037037037 0.7569440104166666 0.905863425925926 0.7439231770833333 0.8780856481481482
2 0.6471354166666666 0.6836435185185186 0.6432291666666666 0.6975324074074074 0.6458333333333334 0.7461435185185186 0.6653645833333334 0.8225324074074074 0.6731770833333334 0.8873472222222222 0.69140625 0.8966064814814815 0.6979166666666666 0.878087962962963 0.73828125 0.8757731481481481 0.7421875 0.8479953703703704 0.7291666666666666 0.8040138888888889 0.73046875 0.7924398148148148 0.6953125 0.6836435185185186
2 0.6206601562499999 0.5424375 0.6154518229166667 0.5470671296296297 0.6154518229166667 0.5864189814814815 0.6336809895833333 0.6859560185185186 0.6401914062499999 0.692900462962963 0.6480039062499999 0.6743819444444445 0.6844622395833334 0.6697523148148149 0.6844622395833334 0.6466041666666668 0.6610247395833333 0.5540115740740741 0.6493059895833333 0.5401226851851851
2 0.5959205729166667 0.44521527777777775 0.5972226562499999 0.4938263888888889 0.6115455729166667 0.5540115740740741 0.6154518229166667 0.5540115740740741 0.6206601562499999 0.5354930555555556 0.6506080729166667 0.530863425925926 0.6414934895833333 0.47530787037037037 0.6271705729166667 0.43827083333333333
2 0.59375 0.3773148148148148 0.5950520833333334 0.41203703703703703 0.6041666666666666 0.46064814814814814 0.6119791666666666 0.4444444444444444 0.6393229166666666 0.4398148148148148 0.6328125 0.40046296296296297 0.62109375 0.37037037037037035 0.6028645833333334 0.3680555555555556
2 0.5807291666666666 0.3194444444444444 0.578125 0.33101851851851855 0.5872395833333334 0.37962962962962965 0.5950520833333334 0.3680555555555556 0.6171875 0.36574074074074076 0.6158854166666666 0.3472222222222222 0.6041666666666666 0.3148148148148148 0.5885416666666666 0.3125
2 0.5703125 0.27314814814814814 0.5755208333333334 0.3194444444444444 0.6028645833333334 0.3101851851851852 0.5924479166666666 0.2662037037037037 0.5846354166666666 0.26157407407407407
2 0.5611979166666666 0.22916666666666666 0.5598958333333334 0.24305555555555555 0.56640625 0.2662037037037037 0.5885416666666666 0.2569444444444444 0.5807291666666666 0.22685185185185186
2 0.62109375 0.8888888888888888 0.6184895833333334 0.9282407407407407 0.6263020833333334 0.9976851851851852 0.7057291666666666 0.9976851851851852 0.6966145833333334 0.9351851851851852 0.6809895833333334 0.8819444444444444 0.62890625 0.8819444444444444
2 0.5703125 0.6975324074074074 0.5729166666666666 0.7762361111111111 0.5833333333333334 0.8248472222222222 0.5872395833333334 0.8873472222222222 0.5950520833333334 0.8966064814814815 0.6041666666666666 0.8827175925925926 0.6536458333333334 0.8757731481481481 0.6536458333333334 0.8479953703703704 0.6223958333333334 0.690587962962963 0.6158854166666666 0.6813287037037037 0.5768229166666666 0.6813287037037037
2 0.5581601562499999 0.5486111111111112 0.5581601562499999 0.5995370370370371 0.5659726562499999 0.6342592592592593 0.5698789062499999 0.6898148148148148 0.5737851562499999 0.6944444444444444 0.5802955729166667 0.6759259259259259 0.6206601562499999 0.6736111111111112 0.6219622395833333 0.6550925925925926 0.6011289062499999 0.5509259259259259 0.5946184895833333 0.5416666666666666
2 0.5412330729166667 0.3765439814814815 0.5373268229166667 0.4089513888888889 0.5425351562499999 0.45061805555555556 0.5451393229166667 0.4552476851851852 0.5529518229166667 0.4436736111111111 0.5789934895833333 0.4436736111111111 0.5659726562499999 0.37422916666666667
2 0.5572916666666666 0.3101851851851852 0.5403645833333334 0.3194444444444444 0.54296875 0.36342592592592593 0.5494791666666666 0.375 0.546875 0.38425925925925924 0.5520833333333334 0.37037037037037035 0.57421875 0.36574074074074076 0.5677083333333334 0.31712962962962965
2 0.5460065104166667 0.4483009259259259 0.5447044270833333 0.4922824074074074 0.5551210937500001 0.5478379629629629 0.5629335937500001 0.5385787037037036 0.5941835937500001 0.5362638888888889 0.5954856770833333 0.522375 0.5798606770833333 0.4459861111111111 0.5538190104166667 0.4413564814814815
2 0.4908854166666667 0.378087962962963 0.4908854166666667 0.4452175925925926 0.52734375 0.4452175925925926 0.51953125 0.37345833333333334 0.5013020833333334 0.3711435185185185
2 0.49566015625 0.44907407407407407 0.49566015625 0.5532407407407407 0.5099830729166667 0.5393518518518519 0.5373268229166667 0.5393518518518519 0.5308164062499999 0.4513888888888889
2 0.4969622395833333 0.5486111111111112 0.4982643229166666 0.5601851851851852 0.49175390625 0.5833333333333334 0.4969622395833333 0.6828703703703703 0.5047747395833333 0.6736111111111112 0.5464414062499999 0.6712962962962963 0.5334205729166667 0.5509259259259259 0.5295143229166667 0.5439814814814815
2 0.4982643229166666 0.6898148148148148 0.4982643229166666 0.7592592592592593 0.5034726562499999 0.8055555555555556 0.49956640625 0.8680555555555556 0.5021705729166667 0.8842592592592593 0.5672747395833333 0.8796296296296297 0.5685768229166667 0.8472222222222222 0.5477434895833333 0.6805555555555556 0.5034726562499999 0.6782407407407407
2 0.5260416666666666 0.9027777777777778 0.52734375 0.9976851851851852 0.6015625 0.9953703703703703 0.5950520833333334 0.9097222222222222 0.5872395833333334 0.8842592592592593 0.5364583333333334 0.8842592592592593 0.5299479166666666 0.8865740740740741
2 0.4036458333333333 0.9537037037037037 0.4036458333333333 0.9976851851851852 0.4752604166666667 0.9976851851851852 0.47265625 0.8912037037037037 0.4114583333333333 0.8888888888888888
2 0.3020833333333333 0.950613425925926 0.2981770833333333 0.9853356481481482 0.3776041666666667 0.9853356481481482 0.37890625 0.8927430555555556 0.3671875 0.8811689814814815 0.3190104166666667 0.8834837962962964 0.30859375 0.9089467592592593
2 0.21657942708333333 0.8958333333333334 0.19183984375 1 0.28168359375 1 0.28168359375 0.9467592592592593 0.28689192708333333 0.9212962962962963 0.28168359375 0.8796296296296297 0.22569401041666667 0.8773148148148148
2 0.08029557291666667 0.9776203703703703 0.07769140625 0.9868796296296296 0.18055598958333333 0.9845648148148148 0.18706640625 0.9104907407407408 0.18055598958333333 0.8780833333333333 0.11935807291666667 0.8780833333333333
2 0 0.9629074074074074 0 0.987650462962963 0.08181380208333333 0.9891504629629629 0.09657161458333334 0.9412962962962963 0.1171875 0.8857986111111111 0.11328125 0.8788541666666667 0.09505208333333333 0.8765393518518519 0.027994791666666668 0.8841805555555555
2 0.06510416666666667 0.8263865740740741 0.059895833333333336 0.8472199074074075 0.06380208333333333 0.8749976851851853 0.10026041666666667 0.8796273148148148 0.10546875 0.8865717592592594 0.13541666666666666 0.8749976851851853 0.14192708333333334 0.8518495370370371 0.13932291666666666 0.8449050925925926 0.14713541666666666 0.8356458333333334 0.16536458333333334 0.7523125 0.17708333333333334 0.7199050925925926 0.17708333333333334 0.678238425925926 0.15798567708333333 0.6736087962962963 0.15364583333333334 0.6805532407407408 0.14973958333333334 0.6712939814814816 0.14583333333333334 0.678238425925926 0.140625 0.6712939814814816 0.13411458333333334 0.6805532407407408 0.13411458333333334 0.6712939814814816 0.12369791666666667 0.6805532407407408 0.12760416666666666 0.6921273148148148 0.11067708333333333 0.7013865740740741 0.09765625 0.7268495370370371
2 0.14236067708333333 0.8510810185185185 0.14236067708333333 0.8719143518518518 0.15017317708333333 0.8834884259259259 0.18272526041666667 0.8834884259259259 0.19053776041666667 0.8927476851851851 0.21527734375 0.8834884259259259 0.22048567708333333 0.869599537037037 0.21788151041666667 0.8233032407407407 0.22699609375 0.7885810185185185 0.24131901041666667 0.7723773148148148 0.24522526041666667 0.7584884259259259 0.24392317708333333 0.682099537037037 0.19183984375 0.682099537037037 0.17230859375 0.7307106481481481
2 0.22873307291666667 0.8379652777777777 0.22743098958333333 0.8680578703703703 0.23394140625 0.8819467592592592 0.27300390625 0.8796319444444444 0.28342057291666667 0.8888912037037037 0.29644140625 0.8750023148148147 0.30164973958333335 0.8009282407407406 0.31336848958333335 0.759261574074074 0.31597265625 0.6898171296296296 0.31076432291666667 0.6782430555555555 0.26909765625 0.6759282407407406 0.26388932291666667 0.6828726851851852
2 0.3459205729166666 0.685951388888889 0.3407122395833333 0.748451388888889 0.32638932291666667 0.8340995370370371 0.32638932291666667 0.873451388888889 0.3888893229166666 0.8803958333333334 0.3927955729166666 0.873451388888889 0.40191015625 0.6790069444444445 0.3967018229166666 0.6651180555555556 0.35503515625 0.6651180555555556
2 0.4153645833333333 0.7345671296296297 0.4166666666666667 0.7577152777777778 0.4088541666666667 0.7901226851851852 0.4127604166666667 0.8040115740740741 0.41015625 0.868826388888889 0.41796875 0.8780856481481482 0.4700520833333333 0.8757708333333334 0.4739583333333333 0.8595671296296297 0.4713541666666667 0.806326388888889 0.4752604166666667 0.7878078703703705 0.4661458333333333 0.6859560185185186 0.4231770833333333 0.6859560185185186
2 0.4318580729166666 0.579474537037037 0.42925390625 0.6743819444444445 0.4774309895833333 0.6836412037037037 0.4813372395833333 0.6512337962962964 0.47612890625 0.5493819444444444 0.4422747395833333 0.5424375 0.4344622395833333 0.5516967592592592
2 0.4392356770833334 0.49305787037037035 0.4392356770833334 0.548613425925926 0.47308984375 0.548613425925926 0.48090234375 0.5578726851851852 0.4796002604166667 0.4699097222222222 0.4756940104166667 0.45370601851851855 0.44574609375 0.4513912037037037
2 0.3736979166666667 0.5100324074074074 0.3736979166666667 0.5424398148148148 0.4114583333333333 0.5470694444444445 0.4153645833333333 0.5354953703703704 0.4279518229166666 0.43806018518518514 0.3841145833333333 0.44984722222222223
2 0.35980859375 0.6226828703703704 0.35590234375 0.6504606481481482 0.35980859375 0.6666643518518519 0.3975690104166667 0.6666643518518519 0.40668359375 0.6759236111111112 0.4157981770833334 0.5972199074074075 0.4157981770833334 0.539349537037037 0.3780377604166667 0.5347199074074074 0.3702252604166667 0.5509236111111111
2 0.29079817708333333 0.6381180555555555 0.28949609375 0.6520069444444444 0.29861067708333333 0.6635810185185185 0.32855859375 0.6658958333333332 0.3389752604166667 0.6774699074074073 0.35199609375 0.594136574074074 0.35199609375 0.5339513888888889 0.31553776041666665 0.531636574074074
2 0.32421875 0.49922685185185184 0.3229166666666667 0.5177453703703704 0.3567708333333333 0.5200601851851852 0.3645833333333333 0.5316342592592592 0.375 0.4413564814814815 0.3723958333333333 0.4297824074074074 0.3424479166666667 0.4274675925925926
2 0.4006080729166666 0.38657407407407407 0.3953997395833333 0.44212962962962965 0.42925390625 0.4444444444444444 0.43316015625 0.375 0.4279518229166666 0.3680555555555556 0.4045143229166666 0.3680555555555556
2 0.4453125 0.39197453703703705 0.4453125 0.442900462962963 0.4791666666666667 0.44058564814814816 0.4752604166666667 0.37577083333333333 0.4505208333333333 0.3688263888888889
2 0.21397526041666667 0.6466041666666668 0.21267317708333333 0.6697523148148149 0.24782942708333333 0.6697523148148149 0.25564192708333333 0.6882708333333334 0.26736067708333333 0.6836412037037037 0.27126692708333333 0.6466041666666668 0.28819401041666665 0.5979930555555556 0.28689192708333333 0.5424375 0.27907942708333333 0.5354930555555556 0.24913151041666667 0.5354930555555556 0.22699609375 0.5910486111111111
2 0.14583333333333334 0.6496921296296295 0.14583333333333334 0.6705254629629629 0.17708333333333334 0.6728402777777777 0.18619791666666666 0.6913587962962963 0.20833333333333334 0.6728402777777777 0.23177083333333334 0.5756180555555556 0.22786458333333334 0.5408958333333334 0.18619791666666666 0.5432106481481481 0.171875 0.5663587962962963
2 0.0546875 0.6713171296296296 0.052083333333333336 0.6967800925925927 0.041666666666666664 0.7176134259259259 0.040364583333333336 0.7338171296296296 0.07161458333333333 0.7407615740740741 0.07552083333333333 0.7523356481481481 0.08723958333333333 0.754650462962963 0.10677083333333333 0.7384467592592593 0.10807291666666667 0.7199282407407408 0.13671875 0.629650462962963 0.13541666666666666 0.6134467592592593 0.12630208333333334 0.6041875 0.09635416666666667 0.6065023148148149 0.07291666666666667 0.6319652777777778
2 0.01519140625 0.6419953703703704 0.013889322916666667 0.6512546296296295 0.034722656250000004 0.6581990740740741 0.04904557291666667 0.6744027777777778 0.07248307291666667 0.6234768518518519 0.09201432291666667 0.6003287037037036 0.09592057291666667 0.584125 0.11480078125 0.5723587962962963 0.12087630208333333 0.5414861111111111 0.06705729166666667 0.5430300925925926 0.02691015625 0.6072731481481481
2 0.16796875 0.4814699074074074 0.16927083333333334 0.4953587962962963 0.19270833333333334 0.4953587962962963 0.20442708333333334 0.5092476851851852 0.21875 0.49072916666666666 0.22786458333333334 0.4652662037037037 0.23567708333333334 0.41434027777777777 0.21484375 0.40739583333333335 0.1953125 0.412025462962963 0.18229166666666666 0.4328587962962963
2 0.26866276041666665 0.4722222222222222 0.25694401041666665 0.5324074074074074 0.28949609375 0.5347222222222222 0.29210026041666665 0.5486111111111112 0.29861067708333333 0.5532407407407407 0.30902734375 0.5185185185185185 0.31293359375 0.46296296296296297 0.28558984375 0.4398148148148148
2 0.20355859375 0.5100300925925926 0.20355859375 0.530863425925926 0.23220442708333333 0.5331782407407407 0.23871484375 0.5563263888888889 0.24262109375 0.5563263888888889 0.25433984375 0.530863425925926 0.26475651041666665 0.48919675925925926 0.26736067708333333 0.4475300925925926 0.23741276041666667 0.442900462962963 0.22439192708333333 0.4498449074074074
2 0.2981770833333333 0.40277546296296296 0.29296875 0.43055324074074075 0.3125 0.43749768518518517 0.3125 0.44444212962962965 0.3203125 0.43518287037037034 0.3255208333333333 0.4537013888888889 0.3372395833333333 0.4120347222222222 0.3411458333333333 0.3703680555555555 0.3372395833333333 0.3634236111111111 0.3151041666666667 0.3611087962962963 0.3046875 0.3773125
2 0.3446184895833333 0.40431944444444445 0.34331640625 0.42283796296296294 0.3693580729166666 0.42515277777777777 0.3758684895833333 0.434412037037037 0.3836809895833333 0.39043055555555556 0.37847265625 0.371912037037037 0.3563372395833333 0.371912037037037
2 0.5026041666666666 0.3194444444444444 0.5013020833333334 0.35185185185185186 0.5052083333333334 0.3726851851851852 0.5325520833333334 0.3680555555555556 0.5286458333333334 0.31712962962962965
2 0.46484375 0.2638888888888889 0.4622395833333333 0.33101851851851855 0.4895833333333333 0.33101851851851855 0.4869791666666667 0.2569444444444444
2 0.4609375 0.3402777777777778 0.4609375 0.36574074074074076 0.4908854166666667 0.3726851851851852 0.4869791666666667 0.31712962962962965 0.4635416666666667 0.3125
2 0.41796875 0.34953703703703703 0.41796875 0.36574074074074076 0.4388020833333333 0.36574074074074076 0.4453125 0.3726851851851852 0.44921875 0.3611111111111111 0.44921875 0.3194444444444444 0.4361979166666667 0.3148148148148148 0.4244791666666667 0.32175925925925924
2 0.3802083333333333 0.3333333333333333 0.375 0.35648148148148145 0.3763020833333333 0.3726851851851852 0.4036458333333333 0.37962962962962965 0.41015625 0.3587962962962963 0.41015625 0.31712962962962965 0.3854166666666667 0.3148148148148148
2 0.3333333333333333 0.3425925925925926 0.3307291666666667 0.36342592592592593 0.3619791666666667 0.375 0.3723958333333333 0.3194444444444444 0.3658854166666667 0.30787037037037035 0.3489583333333333 0.3055555555555556
2 0.2903645833333333 0.3425925925925926 0.2877604166666667 0.36342592592592593 0.31640625 0.375 0.3294270833333333 0.3541666666666667 0.3294270833333333 0.31712962962962965 0.3098958333333333 0.3055555555555556 0.2942708333333333 0.3263888888888889
2 0.24045182291666667 0.42515277777777777 0.23914973958333333 0.4320972222222222 0.24435807291666667 0.43672685185185184 0.26388932291666667 0.43672685185185184 0.27560807291666667 0.4459861111111111 0.28993098958333335 0.40894907407407405 0.29383723958333335 0.37422685185185184 0.27691015625 0.3649675925925926 0.25737890625 0.3695972222222222
2 0.13932291666666666 0.42514351851851856 0.13802083333333334 0.43671759259259263 0.1484375 0.44366203703703705 0.1640625 0.47143981481481484 0.1796875 0.42977314814814815 0.20052083333333334 0.3996805555555556 0.20182291666666666 0.3834768518518519 0.19401041666666666 0.36495833333333333 0.17317708333333334 0.36264351851851856 0.14583333333333334 0.40199537037037036
2 0.0546875 0.5138888888888888 0.05078125 0.5254629629629629 0.053385416666666664 0.5324074074074074 0.08854166666666667 0.5324074074074074 0.11328125 0.49074074074074076 0.13020833333333334 0.47685185185185186 0.13671875 0.45601851851851855 0.13541666666666666 0.4444444444444444 0.10677083333333333 0.4375 0.08723958333333333 0.44675925925925924 0.0703125 0.4722222222222222
2 0.0078125 0.4837962962962963 0 0.5046296296296297 0 0.5254629629629629 0.024739583333333332 0.5393518518518519 0.049479166666666664 0.5231481481481481 0.08203125 0.44675925925925924 0.059895833333333336 0.4375 0.044270833333333336 0.44212962962962965 0.026041666666666668 0.45601851851851855
2 0.06727473958333334 0.4074074074074074 0.06336848958333334 0.4351851851851852 0.09852473958333334 0.4351851851851852 0.11414973958333334 0.41203703703703703 0.12456640625 0.375 0.12066015625 0.3773148148148148 0.11414973958333334 0.36574074074074076 0.09722265625 0.3680555555555556 0.08029557291666667 0.3819444444444444
2 0.11197916666666667 0.3942893518518518 0.09895833333333333 0.4336412037037037 0.12630208333333334 0.43827083333333333 0.16015625 0.39660416666666665 0.16536458333333334 0.3688263888888889 0.14713541666666666 0.36188194444444444 0.12890625 0.3665115740740741
2 0.1796875 0.3888888888888889 0.1796875 0.39814814814814814 0.19270833333333334 0.4027777777777778 0.203125 0.4212962962962963 0.21223958333333334 0.41203703703703703 0.21354166666666666 0.3958333333333333 0.23046875 0.36574074074074076 0.22916666666666666 0.35185185185185186 0.22265625 0.3425925925925926 0.20182291666666666 0.3449074074074074
2 0.20833333333333334 0.3796273148148148 0.19661458333333334 0.4259236111111111 0.20963541666666666 0.4328680555555555 0.23177083333333334 0.43518287037037034 0.2421875 0.4259236111111111 0.2513020833333333 0.38888657407407407 0.24869791666666666 0.3657384259259259 0.23567708333333334 0.35879398148148145 0.21875 0.3611087962962963
2 0.25 0.33564814814814814 0.24479166666666666 0.36342592592592593 0.2799479166666667 0.36574074074074076 0.2903645833333333 0.3333333333333333 0.2903645833333333 0.3125 0.2643229166666667 0.3101851851851852
2 0.16796875 0.3333333333333333 0.16015625 0.3587962962962963 0.18489583333333334 0.3680555555555556 0.20703125 0.3402777777777778 0.21354166666666666 0.3194444444444444 0.20963541666666666 0.32175925925925924 0.203125 0.3101851851851852 0.18098958333333334 0.3101851851851852
2 0.21875 0.3125 0.21223958333333334 0.33796296296296297 0.22265625 0.3402777777777778 0.23828125 0.3611111111111111 0.2591145833333333 0.3055555555555556 0.2565104166666667 0.2962962962962963 0.24088541666666666 0.28935185185185186
2 0.4244791666666667 0.2962962962962963 0.4231770833333333 0.3101851851851852 0.4283854166666667 0.3194444444444444 0.421875 0.32407407407407407 0.4244791666666667 0.3287037037037037 0.4322916666666667 0.3148148148148148 0.44921875 0.3194444444444444 0.453125 0.3101851851851852 0.453125 0.25925925925925924 0.4322916666666667 0.2569444444444444
2 0.50390625 0.25925925925925924 0.4986979166666667 0.26157407407407407 0.5 0.3287037037037037 0.5130208333333334 0.32407407407407407 0.5299479166666666 0.33101851851851855 0.5325520833333334 0.3263888888888889 0.5221354166666666 0.2662037037037037
2 0.54296875 0.2662037037037037 0.5338541666666666 0.2708333333333333 0.5390625 0.3194444444444444 0.54296875 0.32407407407407407 0.5559895833333334 0.3125 0.56640625 0.31712962962962965 0.5572916666666666 0.2662037037037037
2 0.3880208333333333 0.28935185185185186 0.38671875 0.2986111111111111 0.3932291666666667 0.30787037037037035 0.38671875 0.3125 0.41015625 0.3148148148148148 0.41796875 0.2847222222222222 0.41796875 0.25925925925925924 0.4140625 0.2662037037037037 0.3971354166666667 0.26157407407407407
2 0.3502604166666667 0.28703703703703703 0.34765625 0.3101851851851852 0.3606770833333333 0.30787037037037035 0.37109375 0.32407407407407407 0.3815104166666667 0.28703703703703703 0.3815104166666667 0.26851851851851855 0.359375 0.2662037037037037
2 0.7408854166666666 0.4452175925925926 0.73828125 0.46605092592592595 0.74609375 0.49845833333333334 0.7669270833333334 0.5378101851851852 0.7825520833333334 0.5447546296296296 0.7890625 0.5308657407407408 0.8151041666666666 0.5262361111111111 0.7942708333333334 0.4637361111111111 0.7825520833333334 0.4452175925925926 0.7604166666666666 0.4452175925925926 0.7526041666666666 0.4544768518518519
2 0.77734375 0.5378101851851852 0.7825520833333334 0.5817916666666667 0.796875 0.6257731481481481 0.8255208333333334 0.676699074074074 0.8411458333333334 0.6743842592592593 0.8528645833333334 0.6581805555555555 0.875 0.6558657407407408 0.875 0.6442916666666667 0.859375 0.6003101851851852 0.83203125 0.5424398148148148 0.7981770833333334 0.5285509259259259
2 0.8450520833333334 0.6682106481481481 0.83984375 0.6983032407407407 0.85546875 0.7260810185185185 0.86328125 0.7631180555555555 0.8736979166666666 0.781636574074074 0.8919270833333334 0.8395069444444444 0.8984375 0.8371921296296295 0.8984375 0.8464513888888888 0.9283854166666666 0.8788587962962963 0.9466145833333334 0.881173611111111 0.953125 0.8626550925925925 0.97265625 0.8603402777777777 0.97265625 0.8047847222222222 0.9518229166666666 0.7515439814814814 0.9205729166666666 0.693673611111111 0.8997395833333334 0.682099537037037 0.8893229166666666 0.6635810185185185
2 0.71831640625 0.6774722222222223 0.7157122395833334 0.756175925925926 0.7209205729166667 0.76775 0.73394140625 0.76775 0.74175390625 0.7816388888888889 0.7560768229166667 0.8256203703703704 0.7547747395833334 0.8441388888888889 0.7625872395833334 0.8788611111111111 0.7990455729166667 0.8788611111111111 0.8094622395833334 0.867287037037037 0.8407122395833334 0.8603425925925926 0.83941015625 0.83025 0.80816015625 0.7399722222222223 0.78862890625 0.6983055555555556 0.7717018229166667 0.6913611111111111 0.7703997395833334 0.679787037037037 0.7599830729166667 0.668212962962963 0.73003515625 0.668212962962963
2 0.6731770833333334 0.540125 0.671875 0.5979953703703704 0.67578125 0.6072546296296296 0.68359375 0.6072546296296296 0.6953125 0.6350324074074074 0.6979166666666666 0.6743842592592593 0.7044270833333334 0.6859583333333333 0.72265625 0.676699074074074 0.7265625 0.6628101851851852 0.7395833333333334 0.6535509259259259 0.76171875 0.6535509259259259 0.7630208333333334 0.6419768518518518 0.7265625 0.5447546296296296 0.7083333333333334 0.5285509259259259 0.6783854166666666 0.5308657407407408
2 0.6484375 0.44984722222222223 0.6484375 0.4961435185185185 0.6653645833333334 0.5285509259259259 0.6705729166666666 0.551699074074074 0.6809895833333334 0.5493842592592593 0.6901041666666666 0.5262361111111111 0.71875 0.5216064814814815 0.6927083333333334 0.4429027777777778 0.6783854166666666 0.4336435185185185 0.6588541666666666 0.4336435185185185 0.6510416666666666 0.43595833333333334
2 0.6306419270833333 0.3726851851851852 0.6306419270833333 0.4074074074074074 0.6436627604166667 0.43287037037037035 0.6449648437500001 0.4513888888888889 0.6540794270833333 0.4513888888888889 0.6618919270833333 0.42824074074074076 0.6866315104166666 0.42592592592592593 0.67621484375 0.3819444444444444 0.6657981770833333 0.3611111111111111 0.6436627604166667 0.3587962962962963
2 0.7447916666666666 0.3587962962962963 0.7239583333333334 0.3680555555555556 0.7161458333333334 0.3587962962962963 0.7161458333333334 0.3680555555555556 0.72265625 0.3680555555555556 0.7200520833333334 0.40046296296296297 0.7265625 0.4212962962962963 0.7434895833333334 0.4398148148148148 0.7578125 0.42824074074074076 0.7760416666666666 0.42824074074074076 0.77734375 0.41898148148148145 0.7643229166666666 0.37962962962962965 0.7552083333333334 0.36342592592592593
2 0.8046875 0.42824074074074076 0.80078125 0.4305555555555556 0.8033854166666666 0.4444444444444444 0.8307291666666666 0.5162037037037037 0.8463541666666666 0.5300925925925926 0.8854166666666666 0.5185185185185185 0.8658854166666666 0.4652777777777778 0.8502604166666666 0.4398148148148148 0.8294270833333334 0.42824074074074076
2 0.8541666666666666 0.43287037037037035 0.8541666666666666 0.44212962962962965 0.8619791666666666 0.44675925925925924 0.8697916666666666 0.47685185185185186 0.8893229166666666 0.5185185185185185 0.9036458333333334 0.5277777777777778 0.9127604166666666 0.5185185185185185 0.9388020833333334 0.5162037037037037 0.9036458333333334 0.44212962962962965 0.8684895833333334 0.43287037037037035 0.861328125 0.43287037037037035 0.859375 0.44212962962962965
2 0.92578125 0.43287037037037035 0.91796875 0.4398148148148148 0.9049479166666666 0.4375 0.9440104166666666 0.5185185185185185 0.9739583333333334 0.5231481481481481 0.9973958333333334 0.5138888888888888 0.9557291666666666 0.4398148148148148
2 0.8580729166666666 0.5300925925925926 0.8567708333333334 0.5393518518518519 0.9036458333333334 0.6550925925925926 0.9361979166666666 0.6643518518518519 0.9661458333333334 0.6504629629629629 0.9635416666666666 0.6296296296296297 0.9205729166666666 0.5439814814814815 0.89453125 0.5370370370370371 0.8893229166666666 0.5254629629629629
2 0.7643229166666666 0.36574074074074076 0.76171875 0.3680555555555556 0.78125 0.42592592592592593 0.7955729166666666 0.4305555555555556 0.82421875 0.4236111111111111 0.8020833333333334 0.36342592592592593 0.7825520833333334 0.3587962962962963
2 0.81640625 0.3611111111111111 0.80859375 0.37037037037037035 0.8268229166666666 0.4212962962962963 0.8359375 0.42824074074074076 0.8736979166666666 0.4236111111111111 0.84765625 0.36574074074074076
2 0.6037330729166667 0.31250231481481483 0.6050351562499999 0.34953935185185186 0.6154518229166667 0.3842615740740741 0.6219622395833333 0.3842615740740741 0.6323789062499999 0.36111342592592593 0.6506080729166667 0.3587986111111111 0.6362851562499999 0.3101875 0.6219622395833333 0.3032430555555556
2 0.6940104166666666 0.3125 0.6953125 0.35185185185185186 0.7083333333333334 0.36342592592592593 0.7161458333333334 0.3541666666666667 0.7408854166666666 0.3541666666666667 0.7239583333333334 0.3055555555555556 0.7083333333333334 0.30092592592592593
2 0.7330729166666666 0.3055555555555556 0.73046875 0.3148148148148148 0.7447916666666666 0.3541666666666667 0.7708333333333334 0.3587962962962963 0.78515625 0.35185185185185186 0.7643229166666666 0.3055555555555556
2 0.7734375 0.3055555555555556 0.7708333333333334 0.3125 0.7864583333333334 0.35185185185185186 0.8229166666666666 0.3541666666666667 0.8033854166666666 0.3055555555555556
2 0.8138020833333334 0.30787037037037035 0.8177083333333334 0.33564814814814814 0.8255208333333334 0.35185185185185186 0.8645833333333334 0.3541666666666667 0.84375 0.3055555555555556
2 0.7743059895833334 0.8703703703703703 0.76909765625 0.9097222222222222 0.77300390625 0.9745370370370371 0.7795143229166667 0.9953703703703703 0.89800390625 1 0.89800390625 0.9652777777777778 0.8771705729166667 0.9236111111111112 0.8563372395833334 0.9074074074074074 0.8381080729166667 0.8680555555555556 0.8250872395833334 0.8611111111111112 0.7821184895833334 0.8611111111111112
2 0.921875 0.5254629629629629 0.9166666666666666 0.5277777777777778 0.9166666666666666 0.5370370370370371 0.9322916666666666 0.5532407407407407 0.96875 0.6365740740740741 0.96875 0.6527777777777778 0.9986979166666666 0.6620370370370371 0.9986979166666666 0.5625 0.9947916666666666 0.5532407407407407 0.9505208333333334 0.5254629629629629
2 0.005208333333333333 0.3819444444444444 0 0.4074074074074074 0.015625 0.4166666666666667 0.044270833333333336 0.40046296296296297 0.055989583333333336 0.3680555555555556 0.046875 0.3541666666666667 0.033854166666666664 0.35185185185185186 0.015625 0.36342592592592593
2 0.015625 0.41898148148148145 0 0.44675925925925924 0.0026041666666666665 0.4861111111111111 0.02734375 0.4513888888888889 0.059895833333333336 0.42824074074074076 0.059895833333333336 0.4166666666666667 0.046875 0.4027777777777778
2 0.049479166666666664 0.39351851851851855 0.049479166666666664 0.4027777777777778 0.06380208333333333 0.4166666666666667 0.08203125 0.3819444444444444 0.09765625 0.3680555555555556 0.08463541666666667 0.3541666666666667 0.0703125 0.35648148148148145
2 0.12239583333333333 0.3402777777777778 0.1171875 0.3611111111111111 0.13541666666666666 0.37037037037037035 0.15755208333333334 0.3587962962962963 0.16536458333333334 0.33101851851851855 0.16145833333333334 0.3148148148148148 0.14322916666666666 0.3101851851851852 0.13411458333333334 0.3148148148148148
2 0.08984375 0.3425925925925926 0.08854166666666667 0.35185185185185186 0.09895833333333333 0.36342592592592593 0.11458333333333333 0.3611111111111111 0.12760416666666666 0.3194444444444444 0.12109375 0.3125 0.10416666666666667 0.3148148148148148
2 0.0546875 0.3263888888888889 0.046875 0.34953703703703703 0.059895833333333336 0.36574074074074076 0.0859375 0.35185185185185186 0.09505208333333333 0.3333333333333333 0.09505208333333333 0.3194444444444444 0.08463541666666667 0.3101851851851852 0.0703125 0.3101851851851852