0 0.5594270833333334 0.602199074074074 0.06061197916666666 0.1176851851851852
0 0.49041666666666667 0.602199074074074 0.058476562499999996 0.13787037037037037
0 0.44152343749999995 0.6045138888888888 0.06533854166666667 0.1299074074074074
0 0.36139322916666666 0.5990277777777777 0.06463541666666667 0.13071759259259258
0 0.32930859375 0.627386574074074 0.3188919270833333 0.6778587962962962 0.26396744791666665 0.664400462962963 0.30563411458333334 0.5264398148148148 0.3501419270833333 0.5398981481481481
0 0.18679036458333334 0.7125023148148147 0.2289296875 0.5870069444444445 0.26396744791666665 0.6122453703703704 0.22514192708333333 0.7316967592592593
2 0.3432760416666667 0.6923287037037037 0.30658203125 0.8662939814814814 0.36529296875 0.8780694444444445 0.3908619791666667 0.6913194444444444
2 0.4142994791666667 0.6851875 0.4666197916666666 0.6879537037037038 0.4533619791666667 0.8612453703703703 0.3861263020833334 0.8528333333333333
2 0.4931341145833333 0.666675925925926 0.5357486979166667 0.6677638888888888 0.54332421875 0.8461041666666667 0.48934635416666666 0.8511504629629629
2 0.5608424479166666 0.6775486111111112 0.6157669270833334 0.6792314814814815 0.6337591145833333 0.8743935185185185 0.5741002604166666 0.8760763888888888
2 0.6252369791666667 0.6881296296296296 0.6915247395833334 0.6859606481481481 0.7161458333333334 0.889537037037037 0.6432291666666666 0.889537037037037
2 0.33427994791666665 0.4406319444444445 0.3695546875 0.44368981481481484 0.3458802083333334 0.5412708333333334 0.31273697916666665 0.5177175925925925
2 0.17897786458333334 0.6687685185185186 0.12902473958333333 0.664087962962963 0.05421354166666667 0.8407453703703703 0.11292578125000001 0.8693472222222222
2 0.16666666666666666 0.7499537037037037 0.21709244791666668 0.7414814814814815 0.16595703125 0.9366458333333333 0.10724479166666667 0.9231851851851851
0 0.12144921874999999 0.4554652777777778 0.08925130208333333 0.5311759259259259 0.12713020833333333 0.5412708333333334 0.15838020833333333 0.4756550925925926
0 0.11600390625 0.5412453703703703 0.15648697916666668 0.5547291666666667 0.12144921874999999 0.6506296296296297 0.07599479166666666 0.6371689814814815 0.10913802083333334 0.5496828703703703
0 0.37997135416666666 0.5223055555555556 0.4150091145833333 0.5311759259259259 0.4216380208333333 0.44873611111111117 0.38565364583333334 0.44873611111111117
0 0.4450755208333333 0.4360277777777778 0.46993359375 0.44200694444444444 0.4708802083333334 0.5244467592592593 0.4282669270833333 0.5345416666666667
0 0.640625 0.44675925925925924 0.640625 0.49537037037037035 0.6575520833333334 0.5578703703703703 0.6614583333333334 0.5601851851851852 0.6653645833333334 0.5462962962962963 0.6979166666666666 0.5347222222222222 0.6744791666666666 0.44675925925925924
0 0.66796875 0.5509259259259259 0.6692708333333334 0.6111111111111112 0.69140625 0.6898148148148148 0.7174479166666666 0.6712962962962963 0.7421875 0.6689814814814815 0.7239583333333334 0.5833333333333334 0.70703125 0.5462962962962963 0.6770833333333334 0.5439814814814815
0 0.7278645833333334 0.5509259259259259 0.7252604166666666 0.5763888888888888 0.7369791666666666 0.6226851851851852 0.75 0.6666666666666666 0.7643229166666666 0.6898148148148148 0.7721354166666666 0.6921296296296297 0.7916666666666666 0.6712962962962963 0.8125 0.6689814814814815 0.7799479166666666 0.5625 0.76171875 0.5416666666666666
2 0.78515625 0.5509259259259259 0.7838541666666666 0.5671296296296297 0.8203125 0.6712962962962963 0.8411458333333334 0.6898148148148148 0.8802083333333334 0.6689814814814815 0.8619791666666666 0.6018518518518519 0.83984375 0.5578703703703703 0.8229166666666666 0.5416666666666666 0.796875 0.5416666666666666
2 0.7265625 0.5555555555555556 0.7252604166666666 0.5717592592592593 0.73828125 0.6226851851851852 0.7643229166666666 0.6851851851851852 0.8111979166666666 0.6689814814814815 0.7890625 0.5833333333333334 0.76953125 0.5486111111111112 0.7513020833333334 0.5439814814814815
2 0.6080729166666666 0.5486111111111112 0.6106770833333334 0.6180555555555556 0.62109375 0.6666666666666666 0.6197916666666666 0.6851851851851852 0.6263020833333334 0.6967592592592593 0.6315104166666666 0.6805555555555556 0.6421875 0.6736111111111112 0.6731770833333334 0.6712962962962963 0.65234375 0.5578703703703703 0.6393229166666666 0.5416666666666666
2 0.62890625 0.3888888888888889 0.6302083333333334 0.40046296296296297 0.6263020833333334 0.4074074074074074 0.6341145833333334 0.4305555555555556 0.6328125 0.44212962962962965 0.6666666666666666 0.4375 0.6575520833333334 0.3958333333333333 0.63671875 0.3819444444444444
2 0.66796875 0.3912037037037037 0.66796875 0.41435185185185186 0.6848958333333334 0.46064814814814814 0.6940104166666666 0.44212962962962965 0.7174479166666666 0.44212962962962965 0.70703125 0.3958333333333333 0.6953125 0.3726851851851852 0.67578125 0.3726851851851852
2 0.01171875 0.7291666666666666 0 0.7523148148148148 0 0.8726851851851852 0.018229166666666668 0.8842592592592593 0.033854166666666664 0.8657407407407407 0.055989583333333336 0.8541666666666666 0.0546875 0.8379629629629629 0.05859375 0.8240740740740741 0.109375 0.6875 0.10286458333333333 0.6736111111111112 0.09114583333333333 0.6736111111111112 0.08723958333333333 0.6666666666666666 0.059895833333333336 0.6666666666666666
2 0.3997395833333333 0.7731481481481481 0.40234375 0.8032407407407407 0.3971354166666667 0.8703703703703703 0.4609375 0.875 0.4596354166666667 0.7893518518518519 0.4635416666666667 0.7800925925925926 0.46484375 0.7152777777777778 0.4635416666666667 0.6828703703703703 0.4596354166666667 0.6736111111111112 0.4140625 0.6759259259259259 0.40625 0.7546296296296297
2 0.42140625 0.941087962962963 0.06154947916666667 0.11784722222222221
2 0.5205989583333334 0.9379166666666667 0.06582031249999999 0.12416666666666666
2 0.6187239583333334 0.9455555555555556 0.07977864583333334 0.10155092592592592
2 0.7136588541666667 0.9494907407407408 0.08498697916666666 0.10101851851851852
2 0.8077604166666666 0.9442824074074074 0.1051171875 0.10743055555555554
2 0.3233854166666667 0.9400231481481481 0.07954427083333333 0.1199537037037037
2 0.22430989583333336 0.9390277777777778 0.07884114583333333 0.11796296296296296
0 0.14453125 0.6481481481481481 0.14453125 0.6620370370370371 0.1796875 0.6643518518518519 0.18359375 0.6828703703703703 0.19270833333333334 0.6805555555555556 0.19661458333333334 0.6597222222222222 0.23177083333333334 0.5740740740740741 0.23177083333333334 0.5416666666666666 0.22526041666666666 0.5347222222222222 0.19401041666666666 0.5347222222222222 0.18359375 0.5439814814814815 0.16666666666666666 0.5740740740740741
0 0.24739583333333334 0.5393518518518519 0.23697916666666666 0.5833333333333334 0.26171875 0.5902777777777778 0.2682291666666667 0.6041666666666666 0.2825520833333333 0.6018518518518519 0.28515625 0.5694444444444444 0.29296875 0.5578703703703703 0.2981770833333333 0.5324074074074074 0.2994791666666667 0.5023148148148148 0.29296875 0.4861111111111111 0.2708333333333333 0.4837962962962963
0 0.2799479166666667 0.4537037037037037 0.2760416666666667 0.4791666666666667 0.2942708333333333 0.4837962962962963 0.30859375 0.5115740740740741 0.31640625 0.5 0.3255208333333333 0.46296296296296297 0.328125 0.42592592592592593 0.3229166666666667 0.4097222222222222 0.3033854166666667 0.4027777777777778 0.2955729166666667 0.4097222222222222
2 0.77734375 0.6851851851851852 0.7747395833333334 0.7152777777777778 0.7786458333333334 0.7407407407407407 0.8059895833333334 0.8148148148148148 0.8072916666666666 0.8402777777777778 0.8138020833333334 0.8472222222222222 0.8203125 0.8796296296296297 0.8450520833333334 0.8958333333333334 0.85546875 0.875 0.88671875 0.8726851851851852 0.8932291666666666 0.8634259259259259 0.8932291666666666 0.8495370370370371 0.859375 0.7430555555555556 0.8268229166666666 0.6805555555555556 0.7838541666666666 0.6782407407407407
2 0.703125 0.6914976851851852 0.7018229166666666 0.7377939814814815 0.7135416666666666 0.7590972222222222 0.7200520833333334 0.7887199074074074 0.7356770833333334 0.8813124999999999 0.7552083333333334 0.8952013888888888 0.76171875 0.8813124999999999 0.7708333333333334 0.8766828703703703 0.80078125 0.8766828703703703 0.80859375 0.8489050925925925 0.7981770833333334 0.8234421296296296 0.7747395833333334 0.730849537037037 0.7526041666666666 0.6822384259259259 0.7174479166666666 0.6776087962962962 0.70703125 0.6822384259259259
2 0.005208333333333333 0.3541666666666667 0 0.3541666666666667 0 0.39351851851851855 0.0078125 0.3888888888888889 0.016927083333333332 0.3680555555555556 0.014322916666666666 0.3587962962962963
2 0.84375 0.6967592592592593 0.84375 0.7060185185185185 0.8606770833333334 0.7407407407407407 0.8919270833333334 0.8333333333333334 0.8997395833333334 0.8703703703703703 0.9153645833333334 0.8773148148148148 0.9244791666666666 0.8935185185185185 0.9388020833333334 0.8958333333333334 0.9466145833333334 0.8773148148148148 0.9600690104166666 0.8726851851851852 0.9674479166666666 0.8171296296296297 0.96831640625 0.8726851851851852 0.9791666666666666 0.8703703703703703 0.9817708333333334 0.8587962962962963 0.9778645833333334 0.8402777777777778 0.94921875 0.7615740740740741 0.9192708333333334 0.7037037037037037 0.8971354166666666 0.6782407407407407 0.8841145833333334 0.6736111111111112 0.85546875 0.6759259259259259
2 0.8854166666666666 0.5324074074074074 0.8841145833333334 0.5972222222222222 0.8932291666666666 0.6064814814814815 0.9010416666666666 0.6041666666666666 0.9166666666666666 0.6296296296296297 0.9296875 0.6782407407407407 0.9361979166666666 0.6828703703703703 0.9635416666666666 0.6736111111111112 0.9713541666666666 0.6574074074074074 0.9934895833333334 0.6504629629629629 0.9947916666666666 0.6342592592592593 0.9765625 0.6527777777777778 0.98828125 0.6226851851851852 0.9453125 0.5416666666666666 0.9192708333333334 0.5254629629629629
2 0.8268229166666666 0.4351851851851852 0.8268229166666666 0.49074074074074076 0.8359375 0.4976851851851852 0.85546875 0.5324074074074074 0.8580729166666666 0.5462962962962963 0.8763020833333334 0.5462962962962963 0.88671875 0.5231481481481481 0.9114583333333334 0.5185185185185185 0.91015625 0.5092592592592593 0.89409765625 0.5231481481481481 0.904296875 0.4988425925925926 0.8763020833333334 0.4398148148148148 0.8567708333333334 0.4305555555555556
2 0.7825520833333334 0.3611111111111111 0.78125 0.4074074074074074 0.7994791666666666 0.42824074074074076 0.8072916666666666 0.4513888888888889 0.8216145833333334 0.44907407407407407 0.828125 0.42824074074074076 0.8489583333333334 0.42592592592592593 0.8489583333333334 0.41898148148148145 0.8365885416666666 0.42824074074074076 0.8450520833333334 0.4097222222222222 0.8229166666666666 0.3611111111111111
2 0.7473958333333334 0.3148148148148148 0.7486979166666666 0.3425925925925926 0.7630208333333334 0.36574074074074076 0.765625 0.37962962962962965 0.77734375 0.375 0.7825520833333334 0.35648148148148145 0.8020833333333334 0.3541666666666667 0.7916666666666666 0.3194444444444444 0.7799479166666666 0.30324074074074076 0.7604166666666666 0.30092592592592593
2 0.7981770833333334 0.3101851851851852 0.7955729166666666 0.3125 0.7994791666666666 0.33796296296296297 0.80859375 0.3541666666666667 0.8411458333333334 0.3587962962962963 0.8450520833333334 0.33796296296296297 0.8515625 0.3541666666666667 0.8307291666666666 0.3055555555555556 0.8098958333333334 0.30324074074074076
2 0.83203125 0.3587962962962963 0.8424479166666666 0.4027777777777778 0.8528645833333334 0.4236111111111111 0.8736979166666666 0.4351851851851852 0.89453125 0.4305555555555556 0.8984375 0.4097222222222222 0.9049479166666666 0.42592592592592593 0.8802083333333334 0.3680555555555556 0.85546875 0.3587962962962963 0.83984375 0.36574074074074076
2 0.8841145833333334 0.4351851851851852 0.8841145833333334 0.44907407407407407 0.8971354166666666 0.44675925925925924 0.8932291666666666 0.4675925925925926 0.9153645833333334 0.5185185185185185 0.9348958333333334 0.5347222222222222 0.97265625 0.5185185185185185 0.9713541666666666 0.5069444444444444 0.9518229166666666 0.5254629629629629 0.9661458333333334 0.4976851851851852 0.9375 0.4444444444444444 0.9244791666666666 0.4375 0.8984375 0.4444444444444444
2 0.890625 0.36574074074074076 0.88671875 0.3726851851851852 0.8893229166666666 0.38657407407407407 0.91015625 0.42824074074074076 0.9283854166666666 0.42592592592592593 0.9322916666666666 0.3819444444444444 0.9388020833333334 0.40046296296296297 0.9348958333333334 0.42592592592592593 0.9401041666666666 0.41898148148148145 0.94921875 0.4236111111111111 0.92578125 0.37037037037037035 0.9166666666666666 0.36342592592592593
2 0.84765625 0.30324074074074076 0.8424479166666666 0.32407407407407407 0.8372395833333334 0.30787037037037035 0.8541666666666666 0.3541666666666667 0.8860677083333334 0.35648148148148145 0.88671875 0.3402777777777778 0.89453125 0.3541666666666667 0.8736979166666666 0.3101851851851852
2 0.9114583333333334 0.9351851851851852 0.90625 0.9467592592592593 0.9088541666666666 0.9513888888888888 0.9140625 0.9444444444444444 0.9114583333333334 0.9560185185185185 0.9244791666666666 0.9976851851851852 0.9713541666666666 0.9976851851851852 0.94140625 0.9351851851851852
2 0.8541666666666666 0.8819444444444444 0.84765625 0.9143518518518519 0.8580729166666666 0.9722222222222222 0.8684895833333334 0.9976851851851852 0.9700520833333334 0.9976851851851852 0.94921875 0.9444444444444444 0.9153645833333334 0.8819444444444444
2 0.010416666666666666 0.44212962962962965 0 0.45601851851851855 0 0.5486111111111112 0.028645833333333332 0.5324074074074074 0.04296875 0.4976851851851852 0.06770833333333333 0.4583333333333333 0.07161458333333333 0.4398148148148148 0.06770833333333333 0.43287037037037035 0.03515625 0.4305555555555556
2 0.045572916666666664 0.41898148148148145 0.045572916666666664 0.42824074074074076 0.06770833333333333 0.4305555555555556 0.08072916666666667 0.4513888888888889 0.10286458333333333 0.4097222222222222 0.12239583333333333 0.3888888888888889 0.12369791666666667 0.3611111111111111 0.11588541666666667 0.3958333333333333 0.11067708333333333 0.3587962962962963 0.07682291666666667 0.36342592592592593 0.05078125 0.4097222222222222 0.055989583333333336 0.42824074074074076
2 0.11197916666666667 0.3263888888888889 0.10286458333333333 0.3541666666666667 0.12239583333333333 0.35648148148148145 0.12760416666666666 0.37037037037037035 0.1328125 0.37037037037037035 0.15755208333333334 0.3472222222222222 0.16666666666666666 0.31712962962962965 0.1640625 0.3055555555555556 0.14192708333333334 0.30092592592592593 0.12630208333333334 0.3055555555555556
2 0.7265625 0.2638888888888889 0.72265625 0.2708333333333333 0.72265625 0.29398148148148145 0.7356770833333334 0.3101851851851852 0.7395833333333334 0.3263888888888889 0.7434895833333334 0.3287037037037037 0.7565104166666666 0.30324074074074076 0.7682291666666666 0.2986111111111111 0.7591145833333334 0.30092592592592593 0.7630208333333334 0.2847222222222222 0.75390625 0.26157407407407407 0.7369791666666666 0.2569444444444444
2 0.00390625 0.3541666666666667 0 0.3541666666666667 0 0.39351851851851855 0.0078125 0.3888888888888889 0.016927083333333332 0.3680555555555556 0.015625 0.3611111111111111
0 0.013020833333333334 0.3125 0 0.33564814814814814 0 0.35185185185185186 0.014322916666666666 0.35648148148148145 0.01953125 0.36574074074074076 0.036458333333333336 0.3587962962962963 0.0625 0.3263888888888889 0.061197916666666664 0.3148148148148148 0.048177083333333336 0.30092592592592593 0.0234375 0.30324074074074076
0 0.049479166666666664 0.2916666666666667 0.049479166666666664 0.30324074074074076 0.06770833333333333 0.3194444444444444 0.09505208333333333 0.2962962962962963 0.1015625 0.2777777777777778 0.09505208333333333 0.2638888888888889 0.078125 0.26157407407407407 0.0625 0.26851851851851855
0 0.08984375 0.2523148148148148 0.08854166666666667 0.25925925925925924 0.10807291666666667 0.2777777777777778 0.13151041666666666 0.2569444444444444 0.13411458333333334 0.24074074074074073 0.12109375 0.22685185185185186 0.11328125 0.22685185185185186 0.1015625 0.23148148148148148
0 0.12760416666666666 0.20833333333333334 0.12239583333333333 0.22685185185185186 0.13671875 0.24537037037037038 0.15364583333333334 0.2337962962962963 0.15885416666666666 0.2222222222222222 0.15234375 0.2037037037037037
0 0.15104166666666666 0.18981481481481483 0.14973958333333334 0.19907407407407407 0.16145833333333334 0.2199074074074074 0.18229166666666666 0.2037037037037037 0.18229166666666666 0.1875 0.17708333333333334 0.17824074074074073 0.16015625 0.17824074074074073
0 0.03125 0.625 0.029947916666666668 0.6342592592592593 0.048177083333333336 0.6458333333333334 0.0546875 0.6574074074074074 0.07161458333333333 0.6574074074074074 0.10807291666666667 0.5601851851851852 0.09505208333333333 0.5439814814814815 0.07421875 0.5439814814814815 0.053385416666666664 0.5694444444444444
0 0.041666666666666664 0.5023148148148148 0.03125 0.5370370370370371 0.057291666666666664 0.5578703703703703 0.08463541666666667 0.5370370370370371 0.09375 0.5208333333333334 0.10286458333333333 0.4837962962962963 0.0859375 0.4652777777777778 0.07161458333333333 0.4652777777777778 0.053385416666666664 0.48148148148148145
0 0.08984375 0.4351851851851852 0.08333333333333333 0.46296296296296297 0.10677083333333333 0.47685185185185186 0.13151041666666666 0.46064814814814814 0.14322916666666666 0.4236111111111111 0.13020833333333334 0.4027777777777778 0.11328125 0.4027777777777778
0 0.12890625 0.3819444444444444 0.125 0.39814814814814814 0.14583333333333334 0.4166666666666667 0.16666666666666666 0.40046296296296297 0.17578125 0.37037037037037035 0.1640625 0.35185185185185186 0.15104166666666666 0.35185185185185186
0 0.1484375 0.5115740740740741 0.14453125 0.5254629629629629 0.14713541666666666 0.5324074074074074 0.15234375 0.5046296296296297 0.154296875 0.5324074074074074 0.17578125 0.5324074074074074 0.18489583333333334 0.5393518518518519 0.20833333333333334 0.5 0.22005208333333334 0.4583333333333333 0.21875 0.4444444444444444 0.19270833333333334 0.4375 0.1796875 0.4444444444444444 0.15885416666666666 0.4791666666666667
0 0.21614583333333334 0.47685185185185186 0.203125 0.5277777777777778 0.23046875 0.5324074074074074 0.24088541666666666 0.5509259259259259 0.26171875 0.49537037037037035 0.2708333333333333 0.44675925925925924 0.24088541666666666 0.4375 0.2265625 0.4513888888888889
2 0.23697916666666666 0.7731481481481481 0.234375 0.8078703703703703 0.22526041666666666 0.8402777777777778 0.2265625 0.8680555555555556 0.2669270833333333 0.8726851851851852 0.2786458333333333 0.8819444444444444 0.29296875 0.8796296296296297 0.3033854166666667 0.7847222222222222 0.31640625 0.7615740740740741 0.3203125 0.7430555555555556 0.3177083333333333 0.6782407407407407 0.3033854166666667 0.6689814814814815 0.26953125 0.6759259259259259 0.2565104166666667 0.7037037037037037
2 0.028645833333333332 0.875 0 0.9189814814814815 0 0.9976851851851852 0.06640625 0.9976851851851852 0.07421875 0.9745370370370371 0.09375 0.9490740740740741 0.09114583333333333 0.9375 0.09895833333333333 0.9050925925925926 0.09505208333333333 0.875 0.08984375 0.8680555555555556 0.05859375 0.8634259259259259
2 0.9361979166666666 0.3611111111111111 0.9322916666666666 0.3680555555555556 0.9361979166666666 0.3888888888888889 0.9583333333333334 0.42592592592592593 0.9986979166666666 0.42824074074074076 0.9986979166666666 0.4166666666666667 0.97265625 0.37037037037037035 0.9622395833333334 0.3611111111111111
2 0.8828125 0.30787037037037035 0.8828125 0.3287037037037037 0.8971354166666666 0.3541666666666667 0.9166666666666666 0.35648148148148145 0.921875 0.3287037037037037 0.923828125 0.35648148148148145 0.93359375 0.3541666666666667 0.91796875 0.31712962962962965 0.90625 0.30324074074074076 0.8971354166666666 0.30324074074074076 0.89453125 0.3472222222222222 0.8880208333333334 0.30324074074074076
2 0.7643229166666666 0.26157407407407407 0.7643229166666666 0.2800925925925926 0.7760416666666666 0.2962962962962963 0.7890625 0.3055555555555556 0.8098958333333334 0.2986111111111111 0.79296875 0.26157407407407407
0 0.34375 0.4027777777777778 0.3411458333333333 0.4398148148148148 0.3723958333333333 0.4398148148148148 0.3802083333333333 0.4050925925925926 0.3802083333333333 0.375 0.3541666666666667 0.37037037037037035
0 0.3893229166666667 0.41203703703703703 0.3893229166666667 0.4398148148148148 0.41796875 0.44675925925925924 0.4283854166666667 0.41203703703703703 0.4270833333333333 0.3726851851851852 0.4010416666666667 0.37037037037037035
2 0.2513020833333333 0.40046296296296297 0.24348958333333334 0.43287037037037035 0.2786458333333333 0.44675925925925924 0.2942708333333333 0.39351851851851855 0.296875 0.36372222222222217 0.2682291666666667 0.3680555555555556