0 0.5833333333333334 0.5773809523809523 0.61 0.625 0.61 0.6369047619047619 0.6033333333333334 0.6488095238095238 0.5933333333333334 0.6428571428571429 0.5766666666666667 0.6130952380952381 0.5733333333333334 0.6130952380952381 0.5633333333333334 0.5952380952380952 0.5633333333333334 0.5833333333333334 0.5666666666666667 0.5833333333333334 0.5733333333333334 0.5714285714285714 0.5766666666666667 0.5714285714285714 0.58 0.5773809523809523
0 0.5266666666666666 0.9523809523809523 0.5233333333333333 0.9702380952380952 0.51 0.9940476190476191 0.48333333333333334 0.9940476190476191 0.49 0.9821428571428571 0.49 0.9761904761904762 0.5 0.9583333333333334 0.5 0.9523809523809523 0.5033333333333333 0.9464285714285714 0.52 0.9464285714285714 0.5233333333333333 0.9523809523809523
0 0.4166666666666667 0.625 0.04666666666666667 0.07142857142857142
0 0.6066666666666667 0.8154761904761905 0.61 0.8214285714285714 0.6133333333333333 0.8214285714285714 0.6166666666666667 0.8273809523809523 0.6166666666666667 0.8333333333333334 0.6266666666666667 0.8511904761904762 0.63 0.8690476190476191 0.6266666666666667 0.8690476190476191 0.6233333333333333 0.875 0.6133333333333333 0.8690476190476191 0.5933333333333334 0.8333333333333334 0.5933333333333334 0.8273809523809523 0.59 0.8214285714285714 0.5933333333333334 0.8154761904761905 0.6033333333333334 0.8154761904761905
0 0.4066666666666667 0.8214285714285714 0.41333333333333333 0.8214285714285714 0.42333333333333334 0.8333333333333334 0.43 0.8333333333333334 0.43333333333333335 0.8392857142857143 0.43666666666666665 0.8392857142857143 0.44333333333333336 0.8571428571428571 0.43333333333333335 0.875 0.4266666666666667 0.875 0.42333333333333334 0.8690476190476191 0.42 0.8690476190476191 0.4066666666666667 0.8452380952380952 0.4066666666666667 0.8273809523809523
0 0.7366666666666667 0.9404761904761905 0.74 0.9464285714285714 0.74 0.9583333333333334 0.7333333333333333 0.9761904761904762 0.7333333333333333 0.9940476190476191 0.7 0.9940476190476191 0.7 0.9880952380952381 0.7033333333333334 0.9821428571428571 0.7066666666666667 0.9642857142857143 0.7133333333333334 0.9523809523809523 0.7166666666666667 0.9523809523809523 0.7233333333333334 0.9404761904761905 0.7333333333333333 0.9404761904761905
0 0.7733333333333333 0.9404761904761905 0.7833333333333333 0.9523809523809523 0.7833333333333333 0.9642857142857143 0.7666666666666667 0.9940476190476191 0.7366666666666667 0.9940476190476191 0.7366666666666667 0.9761904761904762 0.74 0.9702380952380952 0.74 0.9642857142857143 0.7433333333333333 0.9583333333333334 0.7466666666666667 0.9583333333333334 0.7533333333333333 0.9464285714285714 0.7566666666666667 0.9464285714285714 0.76 0.9404761904761905 0.77 0.9404761904761905
0 0.49333333333333335 0.6130952380952381 0.5033333333333333 0.6309523809523809 0.5033333333333333 0.6428571428571429 0.5 0.6488095238095238 0.49 0.6488095238095238 0.4866666666666667 0.6428571428571429 0.4866666666666667 0.625 0.49 0.6190476190476191
0 0.53 0.6011904761904762 0.53 0.6071428571428571 0.5433333333333333 0.6309523809523809 0.5433333333333333 0.6488095238095238 0.54 0.6547619047619048 0.5266666666666666 0.6547619047619048 0.5166666666666667 0.6369047619047619 0.5166666666666667 0.6309523809523809 0.5133333333333333 0.625 0.51 0.625 0.51 0.6190476190476191 0.5066666666666667 0.6130952380952381 0.5066666666666667 0.6071428571428571 0.51 0.6011904761904762 0.5266666666666666 0.6011904761904762
0 0.5066666666666667 0.8392857142857143 0.5166666666666667 0.8571428571428571 0.5166666666666667 0.8630952380952381 0.51 0.875 0.5 0.875 0.48 0.8333333333333334 0.48 0.8214285714285714 0.4866666666666667 0.8095238095238095 0.49 0.8095238095238095 0.5033333333333333 0.8392857142857143
0 0.41333333333333333 0.5892857142857143 0.43 0.5892857142857143 0.45 0.625 0.45 0.6309523809523809 0.4633333333333333 0.6547619047619048 0.44 0.6547619047619048 0.44 0.6369047619047619 0.4166666666666667 0.5952380952380952 0.41333333333333333 0.5952380952380952
0 0.44666666666666666 0.8095238095238095 0.45666666666666667 0.8095238095238095 0.4633333333333333 0.8214285714285714 0.4666666666666667 0.8214285714285714 0.48 0.8452380952380952 0.48 0.8630952380952381 0.47333333333333333 0.875 0.4633333333333333 0.875 0.45666666666666667 0.8630952380952381 0.4533333333333333 0.8630952380952381 0.44333333333333336 0.8452380952380952 0.44333333333333336 0.8214285714285714 0.44666666666666666 0.8154761904761905
0 0.6366666666666667 0.8095238095238095 0.64 0.8154761904761905 0.6433333333333333 0.8154761904761905 0.6633333333333333 0.8511904761904762 0.6633333333333333 0.875 0.66 0.875 0.6566666666666666 0.8809523809523809 0.6533333333333333 0.875 0.6466666666666666 0.875 0.6266666666666667 0.8392857142857143 0.6266666666666667 0.8154761904761905 0.63 0.8095238095238095 0.6333333333333333 0.8095238095238095
0 0.4166666666666667 0.5892857142857143 0.43 0.5892857142857143 0.43333333333333335 0.5952380952380952 0.43666666666666665 0.5952380952380952 0.43666666666666665 0.6011904761904762 0.44333333333333336 0.6130952380952381 0.44666666666666666 0.6130952380952381 0.4533333333333333 0.625 0.45666666666666667 0.625 0.46 0.6309523809523809 0.47 0.6369047619047619 0.47333333333333333 0.6428571428571429 0.47333333333333333 0.6488095238095238 0.47 0.6547619047619048 0.46 0.6547619047619048 0.45666666666666667 0.6607142857142857 0.4533333333333333 0.6547619047619048 0.44666666666666666 0.6547619047619048 0.44333333333333336 0.6488095238095238 0.44333333333333336 0.6369047619047619 0.42 0.5952380952380952
0 0.5766666666666667 0.8154761904761905 0.59 0.8392857142857143 0.59 0.8452380952380952 0.5966666666666667 0.8571428571428571 0.5966666666666667 0.8630952380952381 0.5866666666666667 0.8809523809523809 0.58 0.8809523809523809 0.5633333333333334 0.8511904761904762 0.5633333333333334 0.8452380952380952 0.56 0.8392857142857143 0.56 0.8214285714285714 0.5633333333333334 0.8154761904761905 0.5733333333333334 0.8154761904761905
0 0.6633333333333333 0.9464285714285714 0.6733333333333333 0.9583333333333334 0.6533333333333333 0.9940476190476191 0.6233333333333333 0.9940476190476191 0.6233333333333333 0.9880952380952381 0.63 0.9761904761904762 0.63 0.9702380952380952 0.6433333333333333 0.9464285714285714 0.65 0.9464285714285714 0.6533333333333333 0.9404761904761905 0.6566666666666666 0.9404761904761905 0.66 0.9464285714285714
0 0.58 0.9464285714285714 0.59 0.9583333333333334 0.59 0.9642857142857143 0.5833333333333334 0.9761904761904762 0.58 0.9940476190476191 0.5466666666666666 0.9940476190476191 0.55 0.9761904761904762 0.5666666666666667 0.9464285714285714 0.5766666666666667 0.9464285714285714
0 0.5433333333333333 0.8214285714285714 0.5566666666666666 0.8511904761904762 0.5566666666666666 0.875 0.5533333333333333 0.875 0.55 0.8809523809523809 0.5466666666666666 0.875 0.54 0.875 0.53 0.8571428571428571 0.53 0.8511904761904762 0.5233333333333333 0.8333333333333334 0.5233333333333333 0.8273809523809523 0.53 0.8095238095238095 0.5333333333333333 0.8095238095238095 0.54 0.8214285714285714
0 0 0.09523809523809523 0.02666666666666667 0.09523809523809523 0.03333333333333333 0.10714285714285714 0.03 0.1130952380952381 0 0.1130952380952381 0 0.10119047619047619
0 0.6233333333333333 0.9464285714285714 0.63 0.9583333333333334 0.6266666666666667 0.9642857142857143 0.6266666666666667 0.9702380952380952 0.6133333333333333 0.9940476190476191 0.5866666666666667 0.9940476190476191 0.5933333333333334 0.9821428571428571 0.5966666666666667 0.9642857142857143 0.6033333333333334 0.9523809523809523 0.6066666666666667 0.9523809523809523 0.61 0.9464285714285714 0.62 0.9464285714285714
0 0.5533333333333333 0.5892857142857143 0.5566666666666666 0.5952380952380952 0.56 0.5952380952380952 0.5633333333333334 0.6011904761904762 0.5633333333333334 0.6071428571428571 0.5733333333333334 0.625 0.5733333333333334 0.6309523809523809 0.5766666666666667 0.6369047619047619 0.57 0.6488095238095238 0.5566666666666666 0.6488095238095238 0.5533333333333333 0.6428571428571429 0.5533333333333333 0.6369047619047619 0.5433333333333333 0.6190476190476191 0.5433333333333333 0.5952380952380952 0.5466666666666666 0.5892857142857143 0.55 0.5892857142857143
0 0.43333333333333335 0.9464285714285714 0.43666666666666665 0.9523809523809523 0.44 0.9523809523809523 0.44333333333333336 0.9583333333333334 0.44333333333333336 0.9642857142857143 0.44 0.9702380952380952 0.44 0.9761904761904762 0.43666666666666665 0.9761904761904762 0.43 0.9940476190476191 0.4033333333333333 0.9940476190476191 0.4066666666666667 0.9761904761904762 0.42 0.9523809523809523 0.43 0.9464285714285714
0 0.4766666666666667 0.9464285714285714 0.48 0.9523809523809523 0.48333333333333334 0.9523809523809523 0.48333333333333334 0.9642857142857143 0.4666666666666667 0.9940476190476191 0.43333333333333335 0.9940476190476191 0.4533333333333333 0.9583333333333334 0.4533333333333333 0.9523809523809523 0.45666666666666667 0.9464285714285714 0.47333333333333333 0.9464285714285714
0 0.6766666666666666 0.8214285714285714 0.68 0.8273809523809523 0.6866666666666666 0.8273809523809523 0.69 0.8333333333333334 0.6933333333333334 0.8333333333333334 0.7033333333333334 0.8511904761904762 0.7033333333333334 0.875 0.7 0.875 0.6966666666666667 0.8809523809523809 0.6866666666666666 0.875 0.68 0.8630952380952381 0.68 0.8571428571428571 0.67 0.8392857142857143 0.67 0.8333333333333334 0.6666666666666666 0.8273809523809523 0.67 0.8214285714285714 0.6733333333333333 0.8214285714285714
0 0.6733333333333333 0.9464285714285714 0.6866666666666666 0.9464285714285714 0.6933333333333334 0.9583333333333334 0.6966666666666667 0.9583333333333334 0.6966666666666667 0.9761904761904762 0.69 0.9940476190476191 0.66 0.9940476190476191 0.6633333333333333 0.9880952380952381 0.6633333333333333 0.9821428571428571 0.6766666666666666 0.9583333333333334 0.6733333333333333 0.9523809523809523